dt,timezone,city_name,lat,lon,temp,temp_min,temp_max,pressure,sea_level,grnd_level,humidity,wind_speed,wind_deg,rain_1h,rain_3h,rain_6h,rain_12h,rain_24h,rain_today,snow_1h,snow_3h,snow_6h,snow_12h,snow_24h,snow_today,clouds_all,weather_id,weather_main,weather_description,weather_icon,datetime,year,month
1175360400,28800,Denpasar,-8.652497,115.219117,25.0,25.0,25.0,1010.2,,,94,2.31,113,,,,,,,,,,,,,40,201,Thunderstorm,thunderstorm with rain,11n,2007-04-01 00:00:00,2007,4
1175360400,28800,Denpasar,-8.652497,115.219117,25.0,25.0,25.0,1010.2,,,94,2.31,113,,,,,,,,,,,,,40,521,Rain,shower rain,09n,2007-04-01 00:00:00,2007,4
1175364000,28800,Denpasar,-8.652497,115.219117,25.2,25.2,25.2,1009.1,,,91,2.58,121,,5.0,5.1,,,,,,,,,,40,501,Rain,moderate rain,10n,2007-04-01 01:00:00,2007,4
1175367600,28800,Denpasar,-8.652497,115.219117,25.0,25.0,25.0,1009.1,,,94,3.36,118,,,,,,,,,,,,,40,802,Clouds,scattered clouds,03n,2007-04-01 02:00:00,2007,4
1175371200,28800,Denpasar,-8.652497,115.219117,26.04,26.04,26.04,1009.0,,,91,3.67,113,0.36,,,,,,,,,,,,97,500,Rain,light rain,10n,2007-04-01 03:00:00,2007,4
1175374800,28800,Denpasar,-8.652497,115.219117,25.91,25.91,25.91,1009.0,,,91,3.29,108,0.31,,,,,,,,,,,,80,500,Rain,light rain,10n,2007-04-01 04:00:00,2007,4
1175378400,28800,Denpasar,-8.652497,115.219117,25.0,25.0,25.0,1009.1,,,94,3.31,101,,,,,,,,,,,,,40,802,Clouds,scattered clouds,03n,2007-04-01 05:00:00,2007,4
1175382000,28800,Denpasar,-8.652497,115.219117,25.0,25.0,25.0,1009.1,,,94,1.5,360,,,,,,,,,,,,,40,802,Clouds,scattered clouds,03d,2007-04-01 06:00:00,2007,4
1175385600,28800,Denpasar,-8.652497,115.219117,26.8,26.8,26.8,1010.2,,,85,1.0,10,,0.2,,,5.1,,,,,,,,20,500,Rain,light rain,10d,2007-04-01 07:00:00,2007,4
1175389200,28800,Denpasar,-8.652497,115.219117,30.0,30.0,30.0,1010.8,,,79,1.0,100,,,,,,,,,,,,,20,801,Clouds,few clouds,02d,2007-04-01 08:00:00,2007,4
1175392800,28800,Denpasar,-8.652497,115.219117,31.0,31.0,31.0,1010.8,,,70,2.1,90,,,,,,,,,,,,,20,801,Clouds,few clouds,02d,2007-04-01 09:00:00,2007,4
1175396400,28800,Denpasar,-8.652497,115.219117,30.2,30.2,30.2,1010.2,,,74,2.6,90,,,0.0,,,,,,,,,,40,802,Clouds,scattered clouds,03d,2007-04-01 10:00:00,2007,4
1175400000,28800,Denpasar,-8.652497,115.219117,31.0,31.0,31.0,1009.1,,,74,2.1,110,,,,,,,,,,,,,40,802,Clouds,scattered clouds,03d,2007-04-01 11:00:00,2007,4
1175403600,28800,Denpasar,-8.652497,115.219117,31.0,31.0,31.0,1008.1,,,70,3.6,80,,,,,,,,,,,,,40,802,Clouds,scattered clouds,03d,2007-04-01 12:00:00,2007,4
1175407200,28800,Denpasar,-8.652497,115.219117,31.0,31.0,31.0,1007.1,,,70,2.1,90,,,0.0,,,,,,,,,,40,802,Clouds,scattered clouds,03d,2007-04-01 13:00:00,2007,4
1175410800,28800,Denpasar,-8.652497,115.219117,32.0,32.0,32.0,1006.1,,,66,2.6,270,,,,,,,,,,,,,40,802,Clouds,scattered clouds,03d,2007-04-01 14:00:00,2007,4
1175414400,28800,Denpasar,-8.652497,115.219117,32.0,32.0,32.0,1006.1,,,66,2.1,140,,,,,,,,,,,,,40,802,Clouds,scattered clouds,03d,2007-04-01 15:00:00,2007,4
1175418000,28800,Denpasar,-8.652497,115.219117,30.7,30.7,30.7,1006.1,,,70,2.1,140,,,0.0,,,,,,,,,,20,801,Clouds,few clouds,02d,2007-04-01 16:00:00,2007,4
1175421600,28800,Denpasar,-8.652497,115.219117,27.47,27.47,27.47,1007.0,,,85,2.41,183,0.12,,,,,,,,,,,,100,500,Rain,light rain,10d,2007-04-01 17:00:00,2007,4
1175425200,28800,Denpasar,-8.652497,115.219117,26.91,26.91,26.91,1008.0,,,87,2.82,160,0.37,,,,,,,,,,,,100,500,Rain,light rain,10n,2007-04-01 18:00:00,2007,4
1175428800,28800,Denpasar,-8.652497,115.219117,26.86,26.86,26.86,1008.0,,,87,2.71,162,0.29,,,,,,,,,,,,100,500,Rain,light rain,10n,2007-04-01 19:00:00,2007,4
1175432400,28800,Denpasar,-8.652497,115.219117,27.0,27.0,27.0,1009.1,,,94,1.83,175,,,,,,,,,,,,,20,801,Clouds,few clouds,02n,2007-04-01 20:00:00,2007,4
1175436000,28800,Denpasar,-8.652497,115.219117,27.0,27.0,27.0,1009.1,,,94,1.5,250,,,,,,,,,,,,,20,801,Clouds,few clouds,02n,2007-04-01 21:00:00,2007,4
1175439600,28800,Denpasar,-8.652497,115.219117,27.2,27.2,27.2,1009.1,,,90,1.0,250,,,0.0,,,,,,,,,,40,802,Clouds,scattered clouds,03n,2007-04-01 22:00:00,2007,4
1175443200,28800,Denpasar,-8.652497,115.219117,27.0,27.0,27.0,1009.1,,,94,1.0,20,,,,,,,,,,,,,75,803,Clouds,broken clouds,04n,2007-04-01 23:00:00,2007,4
1175446800,28800,Denpasar,-8.652497,115.219117,26.0,26.0,26.0,1009.1,,,100,2.1,330,,,,,,,,,,,,,75,501,Rain,moderate rain,10n,2007-04-02 00:00:00,2007,4
1175450400,28800,Denpasar,-8.652497,115.219117,24.2,24.2,24.2,1009.1,,,98,1.5,40,,,,,,,,,,,,,75,501,Rain,moderate rain,10n,2007-04-02 01:00:00,2007,4
1175454000,28800,Denpasar,-8.652497,115.219117,24.2,24.2,24.2,1009.1,,,98,1.5,40,,,,,,,,,,,,,75,501,Rain,moderate rain,10n,2007-04-02 02:00:00,2007,4
1175457600,28800,Denpasar,-8.652497,115.219117,24.6,24.6,24.6,1007.1,,,96,1.5,260,,15.0,,,,,,,,,,,40,502,Rain,heavy intensity rain,10n,2007-04-02 03:00:00,2007,4
1175461200,28800,Denpasar,-8.652497,115.219117,24.6,24.6,24.6,1007.1,,,96,1.5,260,,15.0,,,,,,,,,,,40,502,Rain,heavy intensity rain,10n,2007-04-02 04:00:00,2007,4
1175464800,28800,Denpasar,-8.652497,115.219117,25.94,25.94,25.94,1009.0,,,88,3.01,218,0.57,,,,,,,,,,,,89,500,Rain,light rain,10n,2007-04-02 05:00:00,2007,4
1175468400,28800,Denpasar,-8.652497,115.219117,25.79,25.79,25.79,1009.0,,,89,2.44,226,0.53,,,,,,,,,,,,84,500,Rain,light rain,10d,2007-04-02 06:00:00,2007,4
1175472000,28800,Denpasar,-8.652497,115.219117,25.8,25.8,25.8,1009.1,,,93,2.1,320,,,,,55.1,,,,,,,,75,501,Rain,moderate rain,10d,2007-04-02 07:00:00,2007,4
1175475600,28800,Denpasar,-8.652497,115.219117,27.0,27.0,27.0,1009.1,,,88,2.6,300,,,,,,,,,,,,,75,803,Clouds,broken clouds,04d,2007-04-02 08:00:00,2007,4
1175479200,28800,Denpasar,-8.652497,115.219117,26.52,26.52,26.52,1010.0,,,87,2.65,239,0.12,,,,,,,,,,,,98,500,Rain,light rain,10d,2007-04-02 09:00:00,2007,4
1175482800,28800,Denpasar,-8.652497,115.219117,26.52,26.52,26.52,1010.0,,,87,2.76,244,0.32,,,,,,,,,,,,88,500,Rain,light rain,10d,2007-04-02 10:00:00,2007,4
1175486400,28800,Denpasar,-8.652497,115.219117,28.0,28.0,28.0,1008.1,,,83,4.6,290,,,,,,,,,,,,,40,802,Clouds,scattered clouds,03d,2007-04-02 11:00:00,2007,4
1175490000,28800,Denpasar,-8.652497,115.219117,28.0,28.0,28.0,1008.1,,,83,3.6,300,,,,,,,,,,,,,40,802,Clouds,scattered clouds,03d,2007-04-02 12:00:00,2007,4
1175493600,28800,Denpasar,-8.652497,115.219117,28.6,28.6,28.6,1007.1,,,79,3.6,290,,,3.0,,,,,,,,,,40,802,Clouds,scattered clouds,03d,2007-04-02 13:00:00,2007,4
1175497200,28800,Denpasar,-8.652497,115.219117,28.0,28.0,28.0,1007.1,,,83,3.1,270,,,,,,,,,,,,,40,802,Clouds,scattered clouds,03d,2007-04-02 14:00:00,2007,4
1175500800,28800,Denpasar,-8.652497,115.219117,27.0,27.0,27.0,1007.1,,,88,2.1,140,,,,,,,,,,,,,40,802,Clouds,scattered clouds,03d,2007-04-02 15:00:00,2007,4
1175504400,28800,Denpasar,-8.652497,115.219117,26.4,26.4,26.4,1007.1,,,88,4.38,217,,,0.0,,,,,,,,,,40,802,Clouds,scattered clouds,03d,2007-04-02 16:00:00,2007,4
1175508000,28800,Denpasar,-8.652497,115.219117,27.0,27.0,27.0,1007.1,,,94,1.0,300,,,,,,,,,,,,,40,802,Clouds,scattered clouds,03d,2007-04-02 17:00:00,2007,4
1175511600,28800,Denpasar,-8.652497,115.219117,26.55,26.55,26.55,1007.0,,,87,4.2,215,0.22,,,,,,,,,,,,100,500,Rain,light rain,10n,2007-04-02 18:00:00,2007,4
1175515200,28800,Denpasar,-8.652497,115.219117,26.8,26.8,26.8,1008.0,,,85,3.56,233,,,,,,,,,,,,,100,804,Clouds,overcast clouds,04n,2007-04-02 19:00:00,2007,4
1175518800,28800,Denpasar,-8.652497,115.219117,26.0,26.0,26.0,1009.1,,,100,3.36,248,,,,,,,,,,,,,40,802,Clouds,scattered clouds,03n,2007-04-02 20:00:00,2007,4
1175522400,28800,Denpasar,-8.652497,115.219117,26.0,26.0,26.0,1009.1,,,100,3.61,258,,,,,,,,,,,,,40,802,Clouds,scattered clouds,03n,2007-04-02 21:00:00,2007,4
1175526000,28800,Denpasar,-8.652497,115.219117,26.0,26.0,26.0,1009.1,,,91,3.85,252,,,0.0,,,,,,,,,,40,802,Clouds,scattered clouds,03n,2007-04-02 22:00:00,2007,4
1175529600,28800,Denpasar,-8.652497,115.219117,26.0,26.0,26.0,1009.1,,,100,4.4,235,,,,,,,,,,,,,40,802,Clouds,scattered clouds,03n,2007-04-02 23:00:00,2007,4
1175533200,28800,Denpasar,-8.652497,115.219117,26.0,26.0,26.0,1008.1,,,94,1.5,320,,,,,,,,,,,,,20,801,Clouds,few clouds,02n,2007-04-03 00:00:00,2007,4
1175536800,28800,Denpasar,-8.652497,115.219117,25.4,25.4,25.4,1008.1,,,92,3.6,270,,0.0,,,,,,,,,,,40,501,Rain,moderate rain,10n,2007-04-03 01:00:00,2007,4
1175540400,28800,Denpasar,-8.652497,115.219117,25.4,25.4,25.4,1008.1,,,92,3.6,270,,0.0,,,,,,,,,,,40,501,Rain,moderate rain,10n,2007-04-03 02:00:00,2007,4
1175544000,28800,Denpasar,-8.652497,115.219117,27.2,27.2,27.2,1007.1,,,88,4.6,250,,6.0,,,,,,,,,,,75,501,Rain,moderate rain,10n,2007-04-03 03:00:00,2007,4
1175547600,28800,Denpasar,-8.652497,115.219117,26.81,26.81,26.81,1007.0,,,85,6.38,279,0.29,,,,,,,,,,,,100,500,Rain,light rain,10n,2007-04-03 04:00:00,2007,4
1175551200,28800,Denpasar,-8.652497,115.219117,26.0,26.0,26.0,1007.1,,,100,2.6,260,,,,,,,,,,,,,75,501,Rain,moderate rain,10n,2007-04-03 05:00:00,2007,4
1175554800,28800,Denpasar,-8.652497,115.219117,26.0,26.0,26.0,1008.1,,,88,3.1,260,,,,,,,,,,,,,75,803,Clouds,broken clouds,04d,2007-04-03 06:00:00,2007,4
1175558400,28800,Denpasar,-8.652497,115.219117,26.2,26.2,26.2,1008.1,,,90,4.1,280,,2.0,,,11.9,,,,,,,,40,500,Rain,light rain,10d,2007-04-03 07:00:00,2007,4
1175562000,28800,Denpasar,-8.652497,115.219117,26.0,26.0,26.0,1009.1,,,94,4.1,260,,,,,,,,,,,,,75,501,Rain,moderate rain,10d,2007-04-03 08:00:00,2007,4
1175565600,28800,Denpasar,-8.652497,115.219117,28.0,28.0,28.0,1009.1,,,88,4.1,290,,,,,,,,,,,,,75,803,Clouds,broken clouds,04d,2007-04-03 09:00:00,2007,4
1175569200,28800,Denpasar,-8.652497,115.219117,26.6,26.6,26.6,1009.1,,,87,1.5,240,,9.0,,,,,,,,,,,75,501,Rain,moderate rain,10d,2007-04-03 10:00:00,2007,4
1175572800,28800,Denpasar,-8.652497,115.219117,29.0,29.0,29.0,1008.1,,,83,6.2,300,,,,,,,,,,,,,40,802,Clouds,scattered clouds,03d,2007-04-03 11:00:00,2007,4
1175576400,28800,Denpasar,-8.652497,115.219117,26.43,26.43,26.43,1008.0,,,89,6.28,259,0.62,,,,,,,,,,,,99,500,Rain,light rain,10d,2007-04-03 12:00:00,2007,4
1175580000,28800,Denpasar,-8.652497,115.219117,26.58,26.58,26.58,1007.0,,,89,6.38,262,0.26,,,,,,,,,,,,99,500,Rain,light rain,10d,2007-04-03 13:00:00,2007,4
1175583600,28800,Denpasar,-8.652497,115.219117,27.0,27.0,27.0,1006.1,,,88,4.6,290,,,,,,,,,,,,,75,803,Clouds,broken clouds,04d,2007-04-03 14:00:00,2007,4
1175587200,28800,Denpasar,-8.652497,115.219117,27.0,27.0,27.0,1006.1,,,88,6.2,300,,,,,,,,,,,,,75,803,Clouds,broken clouds,04d,2007-04-03 15:00:00,2007,4
1175590800,28800,Denpasar,-8.652497,115.219117,27.2,27.2,27.2,1006.1,,,90,5.7,280,,,0.0,,,,,,,,,,75,803,Clouds,broken clouds,04d,2007-04-03 16:00:00,2007,4
1175594400,28800,Denpasar,-8.652497,115.219117,27.0,27.0,27.0,1006.1,,,83,5.1,280,,,,,,,,,,,,,40,802,Clouds,scattered clouds,03d,2007-04-03 17:00:00,2007,4
1175598000,28800,Denpasar,-8.652497,115.219117,26.0,26.0,26.0,1006.1,,,88,4.6,280,,,,,,,,,,,,,40,802,Clouds,scattered clouds,03n,2007-04-03 18:00:00,2007,4
1175601600,28800,Denpasar,-8.652497,115.219117,27.4,27.4,27.4,1007.1,,,85,4.6,260,,,0.0,,,,,,,,,,75,803,Clouds,broken clouds,04n,2007-04-03 19:00:00,2007,4
1175605200,28800,Denpasar,-8.652497,115.219117,27.0,27.0,27.0,1008.1,,,94,4.1,280,,,,,,,,,,,,,40,802,Clouds,scattered clouds,03n,2007-04-03 20:00:00,2007,4
1175608800,28800,Denpasar,-8.652497,115.219117,27.0,27.0,27.0,1008.1,,,94,5.1,270,,,,,,,,,,,,,40,802,Clouds,scattered clouds,03n,2007-04-03 21:00:00,2007,4
1175612400,28800,Denpasar,-8.652497,115.219117,27.2,27.2,27.2,1008.1,,,85,5.1,280,,,0.0,,,,,,,,,,40,802,Clouds,scattered clouds,03n,2007-04-03 22:00:00,2007,4
1175616000,28800,Denpasar,-8.652497,115.219117,27.2,27.2,27.2,1008.1,,,85,5.1,280,,,0.0,,,,,,,,,,40,802,Clouds,scattered clouds,03n,2007-04-03 23:00:00,2007,4
1175619600,28800,Denpasar,-8.652497,115.219117,26.8,26.8,26.8,1007.1,,,85,6.7,310,,,0.0,,,,,,,,,,40,211,Thunderstorm,proximity thunderstorm,11n,2007-04-04 00:00:00,2007,4
1175623200,28800,Denpasar,-8.652497,115.219117,26.8,26.8,26.8,1007.1,,,85,6.7,310,,,0.0,,,,,,,,,,40,211,Thunderstorm,proximity thunderstorm,11n,2007-04-04 01:00:00,2007,4
1175626800,28800,Denpasar,-8.652497,115.219117,26.8,26.8,26.8,1007.1,,,85,6.7,310,,,0.0,,,,,,,,,,40,211,Thunderstorm,proximity thunderstorm,11n,2007-04-04 02:00:00,2007,4
1175630400,28800,Denpasar,-8.652497,115.219117,26.5,26.5,26.5,1005.1,,,88,7.7,300,,,0.0,,,,,,,,,,20,801,Clouds,few clouds,02n,2007-04-04 03:00:00,2007,4
1175634000,28800,Denpasar,-8.652497,115.219117,26.13,26.13,26.13,1007.0,,,89,4.79,287,0.82,,,,,,,,,,,,100,500,Rain,light rain,10n,2007-04-04 04:00:00,2007,4
1175637600,28800,Denpasar,-8.652497,115.219117,27.0,27.0,27.0,1005.1,,,88,7.7,300,,,,,,,,,,,,,20,801,Clouds,few clouds,02n,2007-04-04 05:00:00,2007,4
1175641200,28800,Denpasar,-8.652497,115.219117,27.0,27.0,27.0,1007.1,,,88,6.7,300,,,,,,,,,,,,,40,802,Clouds,scattered clouds,03d,2007-04-04 06:00:00,2007,4
1175644800,28800,Denpasar,-8.652497,115.219117,27.0,27.0,27.0,1007.1,,,89,5.7,290,,,,,18.0,,,,,,,,40,802,Clouds,scattered clouds,03d,2007-04-04 07:00:00,2007,4
1175648400,28800,Denpasar,-8.652497,115.219117,27.22,27.22,27.22,1008.0,,,81,4.58,301,,,,,,,,,,,,,98,804,Clouds,overcast clouds,04d,2007-04-04 08:00:00,2007,4
1175652000,28800,Denpasar,-8.652497,115.219117,27.47,27.47,27.47,1008.0,,,80,4.65,296,,,,,,,,,,,,,91,804,Clouds,overcast clouds,04d,2007-04-04 09:00:00,2007,4
1175655600,28800,Denpasar,-8.652497,115.219117,30.0,30.0,30.0,1007.1,,,71,7.2,280,,,0.0,,,,,,,,,,20,801,Clouds,few clouds,02d,2007-04-04 10:00:00,2007,4
1175659200,28800,Denpasar,-8.652497,115.219117,30.0,30.0,30.0,1007.1,,,70,6.2,300,,,,,,,,,,,,,40,802,Clouds,scattered clouds,03d,2007-04-04 11:00:00,2007,4
1175662800,28800,Denpasar,-8.652497,115.219117,31.0,31.0,31.0,1006.1,,,70,6.2,280,,,,,,,,,,,,,40,802,Clouds,scattered clouds,03d,2007-04-04 12:00:00,2007,4
1175666400,28800,Denpasar,-8.652497,115.219117,30.4,30.4,30.4,1006.1,,,70,5.1,250,,,0.0,,,,,,,,,,40,802,Clouds,scattered clouds,03d,2007-04-04 13:00:00,2007,4
1175670000,28800,Denpasar,-8.652497,115.219117,31.0,31.0,31.0,1005.1,,,79,5.1,260,,,,,,,,,,,,,40,802,Clouds,scattered clouds,03d,2007-04-04 14:00:00,2007,4
1175673600,28800,Denpasar,-8.652497,115.219117,30.0,30.0,30.0,1005.1,,,79,5.7,260,,,,,,,,,,,,,40,802,Clouds,scattered clouds,03d,2007-04-04 15:00:00,2007,4
1175677200,28800,Denpasar,-8.652497,115.219117,29.6,29.6,29.6,1004.9,,,75,4.6,260,,,0.0,,,,,,,,,,40,802,Clouds,scattered clouds,03d,2007-04-04 16:00:00,2007,4
1175680800,28800,Denpasar,-8.652497,115.219117,29.0,29.0,29.0,1006.1,,,83,3.6,270,,,,,,,,,,,,,40,802,Clouds,scattered clouds,03d,2007-04-04 17:00:00,2007,4
1175684400,28800,Denpasar,-8.652497,115.219117,28.0,28.0,28.0,1007.1,,,88,3.1,260,,,,,,,,,,,,,40,802,Clouds,scattered clouds,03n,2007-04-04 18:00:00,2007,4
1175688000,28800,Denpasar,-8.652497,115.219117,28.2,28.2,28.2,1008.1,,,83,2.6,270,,,0.0,,,,,,,,,,40,802,Clouds,scattered clouds,03n,2007-04-04 19:00:00,2007,4
1175691600,28800,Denpasar,-8.652497,115.219117,27.75,27.75,27.75,1009.0,,,82,4.23,298,,,,,,,,,,,,,99,804,Clouds,overcast clouds,04n,2007-04-04 20:00:00,2007,4
1175695200,28800,Denpasar,-8.652497,115.219117,27.78,27.78,27.78,1009.0,,,82,3.49,302,,,,,,,,,,,,,99,804,Clouds,overcast clouds,04n,2007-04-04 21:00:00,2007,4
1175698800,28800,Denpasar,-8.652497,115.219117,27.0,27.0,27.0,1009.1,,,87,2.66,311,,,0.0,,,,,,,,,,40,211,Thunderstorm,thunderstorm,11n,2007-04-04 22:00:00,2007,4
1175702400,28800,Denpasar,-8.652497,115.219117,27.0,27.0,27.0,1009.1,,,94,2.0,313,,,,,,,,,,,,,40,802,Clouds,scattered clouds,03n,2007-04-04 23:00:00,2007,4
1175706000,28800,Denpasar,-8.652497,115.219117,27.0,27.0,27.0,1009.1,,,94,1.85,303,,,,,,,,,,,,,40,802,Clouds,scattered clouds,03n,2007-04-05 00:00:00,2007,4
1175709600,28800,Denpasar,-8.652497,115.219117,28.6,28.6,28.6,1008.1,,,83,1.7,300,,,0.0,,,,,,,,,,40,211,Thunderstorm,proximity thunderstorm,11n,2007-04-05 01:00:00,2007,4
1175713200,28800,Denpasar,-8.652497,115.219117,28.6,28.6,28.6,1008.1,,,83,1.73,310,,,0.0,,,,,,,,,,40,211,Thunderstorm,proximity thunderstorm,11n,2007-04-05 02:00:00,2007,4
1175716800,28800,Denpasar,-8.652497,115.219117,26.2,26.2,26.2,1008.1,,,95,1.0,50,,,0.0,,,,,,,,,,75,803,Clouds,broken clouds,04n,2007-04-05 03:00:00,2007,4
1175720400,28800,Denpasar,-8.652497,115.219117,26.17,26.17,26.17,1008.0,,,86,1.77,268,0.16,,,,,,,,,,,,97,500,Rain,light rain,10n,2007-04-05 04:00:00,2007,4
1175724000,28800,Denpasar,-8.652497,115.219117,26.0,26.0,26.0,1008.1,,,100,1.74,272,,,,,,,,,,,,,75,803,Clouds,broken clouds,04n,2007-04-05 05:00:00,2007,4
1175727600,28800,Denpasar,-8.652497,115.219117,26.46,26.46,26.46,1009.0,,,85,1.42,319,,,,,,,,,,,,,31,802,Clouds,scattered clouds,03d,2007-04-05 06:00:00,2007,4
1175731200,28800,Denpasar,-8.652497,115.219117,26.49,26.49,26.49,1010.0,,,85,1.66,9,,,,,,,,,,,,,28,802,Clouds,scattered clouds,03d,2007-04-05 07:00:00,2007,4
1175734800,28800,Denpasar,-8.652497,115.219117,29.0,29.0,29.0,1010.2,,,79,2.6,80,,,,,,,,,,,,,20,801,Clouds,few clouds,02d,2007-04-05 08:00:00,2007,4
1175738400,28800,Denpasar,-8.652497,115.219117,30.0,30.0,30.0,1010.2,,,79,3.1,80,,,,,,,,,,,,,40,802,Clouds,scattered clouds,03d,2007-04-05 09:00:00,2007,4
1175742000,28800,Denpasar,-8.652497,115.219117,27.0,27.0,27.0,1010.2,,,85,1.5,250,,10.0,,,,,,,,,,,75,502,Rain,heavy intensity rain,10d,2007-04-05 10:00:00,2007,4
1175745600,28800,Denpasar,-8.652497,115.219117,25.0,25.0,25.0,1009.1,,,94,2.1,80,,,,,,,,,,,,,40,201,Thunderstorm,thunderstorm with rain,11d,2007-04-05 11:00:00,2007,4
1175745600,28800,Denpasar,-8.652497,115.219117,25.0,25.0,25.0,1009.1,,,94,2.1,80,,,,,,,,,,,,,40,521,Rain,shower rain,09d,2007-04-05 11:00:00,2007,4
1175749200,28800,Denpasar,-8.652497,115.219117,26.0,26.0,26.0,1008.1,,,88,1.5,180,,,,,,,,,,,,,75,501,Rain,moderate rain,10d,2007-04-05 12:00:00,2007,4
1175752800,28800,Denpasar,-8.652497,115.219117,27.2,27.2,27.2,1008.1,,,87,1.5,100,,32.0,41.9,,,,,,,,,,75,502,Rain,heavy intensity rain,10d,2007-04-05 13:00:00,2007,4
1175756400,28800,Denpasar,-8.652497,115.219117,29.0,29.0,29.0,1007.1,,,79,1.0,90,,,,,,,,,,,,,20,801,Clouds,few clouds,02d,2007-04-05 14:00:00,2007,4
1175760000,28800,Denpasar,-8.652497,115.219117,29.0,29.0,29.0,1007.1,,,79,1.5,120,,,,,,,,,,,,,20,801,Clouds,few clouds,02d,2007-04-05 15:00:00,2007,4
1175763600,28800,Denpasar,-8.652497,115.219117,28.6,28.6,28.6,1008.1,,,77,1.0,120,,,0.0,,,,,,,,,,20,801,Clouds,few clouds,02d,2007-04-05 16:00:00,2007,4
1175767200,28800,Denpasar,-8.652497,115.219117,27.78,27.78,27.78,1007.0,,,81,0.92,236,,,,,,,,,,,,,84,803,Clouds,broken clouds,04d,2007-04-05 17:00:00,2007,4
1175770800,28800,Denpasar,-8.652497,115.219117,27.58,27.58,27.58,1008.0,,,83,2.33,260,0.12,,,,,,,,,,,,90,500,Rain,light rain,10n,2007-04-05 18:00:00,2007,4
1175774400,28800,Denpasar,-8.652497,115.219117,26.0,26.0,26.0,1009.1,,,100,2.84,270,,,,,,,,,,,,,40,802,Clouds,scattered clouds,03n,2007-04-05 19:00:00,2007,4
1175778000,28800,Denpasar,-8.652497,115.219117,26.0,26.0,26.0,1009.1,,,100,2.61,270,,,,,,,,,,,,,20,801,Clouds,few clouds,02n,2007-04-05 20:00:00,2007,4
1175781600,28800,Denpasar,-8.652497,115.219117,26.0,26.0,26.0,1010.2,,,100,2.55,276,,,,,,,,,,,,,20,801,Clouds,few clouds,02n,2007-04-05 21:00:00,2007,4
1175785200,28800,Denpasar,-8.652497,115.219117,25.6,25.6,25.6,1010.2,,,94,1.97,300,,,0.0,,,,,,,,,,20,801,Clouds,few clouds,02n,2007-04-05 22:00:00,2007,4
1175788800,28800,Denpasar,-8.652497,115.219117,26.0,26.0,26.0,1010.2,,,100,1.57,325,,,,,,,,,,,,,75,803,Clouds,broken clouds,04n,2007-04-05 23:00:00,2007,4
1175792400,28800,Denpasar,-8.652497,115.219117,26.0,26.0,26.0,1010.2,,,94,1.26,350,,,,,,,,,,,,,40,802,Clouds,scattered clouds,03n,2007-04-06 00:00:00,2007,4
1175796000,28800,Denpasar,-8.652497,115.219117,25.2,25.2,25.2,1008.6,,,93,1.41,11,,,0.0,,,,,,,,,,20,801,Clouds,few clouds,02n,2007-04-06 01:00:00,2007,4
1175799600,28800,Denpasar,-8.652497,115.219117,27.13,27.13,27.13,1010.0,,,83,1.75,30,,,,,,,,,,,,,97,804,Clouds,overcast clouds,04n,2007-04-06 02:00:00,2007,4
1175803200,28800,Denpasar,-8.652497,115.219117,27.2,27.2,27.2,1009.0,,,83,1.11,26,,,,,,,,,,,,,94,804,Clouds,overcast clouds,04n,2007-04-06 03:00:00,2007,4
1175806800,28800,Denpasar,-8.652497,115.219117,24.5,24.5,24.5,1009.1,,,95,0.53,50,,,0.0,,,,,,,,,,20,801,Clouds,few clouds,02n,2007-04-06 04:00:00,2007,4
1175810400,28800,Denpasar,-8.652497,115.219117,24.0,24.0,24.0,1009.1,,,100,0.68,338,,,,,,,,,,,,,20,801,Clouds,few clouds,02n,2007-04-06 05:00:00,2007,4
1175814000,28800,Denpasar,-8.652497,115.219117,27.1,27.1,27.1,1010.0,,,84,1.26,348,0.23,,,,,,,,,,,,99,500,Rain,light rain,10d,2007-04-06 06:00:00,2007,4
1175817600,28800,Denpasar,-8.652497,115.219117,27.15,27.15,27.15,1010.0,,,83,1.48,341,,,,,,,,,,,,,97,804,Clouds,overcast clouds,04d,2007-04-06 07:00:00,2007,4
1175821200,28800,Denpasar,-8.652497,115.219117,27.0,27.0,27.0,1010.2,,,83,1.0,300,,,,,,,,,,,,,20,801,Clouds,few clouds,02d,2007-04-06 08:00:00,2007,4
1175824800,28800,Denpasar,-8.652497,115.219117,30.0,30.0,30.0,1010.8,,,74,2.1,300,,,,,,,,,,,,,20,801,Clouds,few clouds,02d,2007-04-06 09:00:00,2007,4
1175828400,28800,Denpasar,-8.652497,115.219117,30.2,30.2,30.2,1010.2,,,69,2.6,290,,,0.0,,,,,,,,,,20,801,Clouds,few clouds,02d,2007-04-06 10:00:00,2007,4
1175832000,28800,Denpasar,-8.652497,115.219117,31.0,31.0,31.0,1010.2,,,70,3.6,270,,,,,,,,,,,,,20,801,Clouds,few clouds,02d,2007-04-06 11:00:00,2007,4
1175835600,28800,Denpasar,-8.652497,115.219117,31.0,31.0,31.0,1009.1,,,70,2.6,260,,,,,,,,,,,,,20,801,Clouds,few clouds,02d,2007-04-06 12:00:00,2007,4
1175839200,28800,Denpasar,-8.652497,115.219117,30.6,30.6,30.6,1009.1,,,64,2.6,240,,,0.0,,,,,,,,,,20,801,Clouds,few clouds,02d,2007-04-06 13:00:00,2007,4
1175842800,28800,Denpasar,-8.652497,115.219117,31.0,31.0,31.0,1008.1,,,70,2.6,260,,,,,,,,,,,,,40,802,Clouds,scattered clouds,03d,2007-04-06 14:00:00,2007,4
1175846400,28800,Denpasar,-8.652497,115.219117,26.0,26.0,26.0,1009.1,,,88,2.6,310,,,,,,,,,,,,,75,201,Thunderstorm,thunderstorm with rain,11d,2007-04-06 15:00:00,2007,4
1175846400,28800,Denpasar,-8.652497,115.219117,26.0,26.0,26.0,1009.1,,,88,2.6,310,,,,,,,,,,,,,75,521,Rain,shower rain,09d,2007-04-06 15:00:00,2007,4
1175850000,28800,Denpasar,-8.652497,115.219117,25.0,25.0,25.0,1009.1,,,91,1.0,230,,,,,,,,,,,,,40,500,Rain,light rain,10d,2007-04-06 16:00:00,2007,4
1175853600,28800,Denpasar,-8.652497,115.219117,25.0,25.0,25.0,1009.1,,,94,0.71,91,,,,,,,,,,,,,40,802,Clouds,scattered clouds,03d,2007-04-06 17:00:00,2007,4
1175857200,28800,Denpasar,-8.652497,115.219117,25.0,25.0,25.0,1009.1,,,100,1.34,68,,,,,,,,,,,,,40,802,Clouds,scattered clouds,03n,2007-04-06 18:00:00,2007,4
1175860800,28800,Denpasar,-8.652497,115.219117,25.6,25.6,25.6,1010.2,,,94,1.0,100,,3.0,13.0,,,,,,,,,,40,500,Rain,light rain,10n,2007-04-06 19:00:00,2007,4
1175864400,28800,Denpasar,-8.652497,115.219117,26.0,26.0,26.0,1010.2,,,100,3.2,68,,,,,,,,,,,,,20,801,Clouds,few clouds,02n,2007-04-06 20:00:00,2007,4
1175868000,28800,Denpasar,-8.652497,115.219117,26.0,26.0,26.0,1010.8,,,100,1.5,120,,,,,,,,,,,,,40,802,Clouds,scattered clouds,03n,2007-04-06 21:00:00,2007,4
1175871600,28800,Denpasar,-8.652497,115.219117,26.0,26.0,26.0,1010.8,,,93,3.05,92,,,0.0,,,,,,,,,,40,802,Clouds,scattered clouds,03n,2007-04-06 22:00:00,2007,4
1175875200,28800,Denpasar,-8.652497,115.219117,25.0,25.0,25.0,1010.2,,,100,2.14,85,,,,,,,,,,,,,40,802,Clouds,scattered clouds,03n,2007-04-06 23:00:00,2007,4
1175878800,28800,Denpasar,-8.652497,115.219117,25.0,25.0,25.0,1010.2,,,100,1.31,86,,,,,,,,,,,,,40,802,Clouds,scattered clouds,03n,2007-04-07 00:00:00,2007,4
1175882400,28800,Denpasar,-8.652497,115.219117,25.7,25.7,25.7,1009.1,,,98,0.54,50,,,0.0,,,,,,,,,,40,802,Clouds,scattered clouds,03n,2007-04-07 01:00:00,2007,4
1175886000,28800,Denpasar,-8.652497,115.219117,26.0,26.0,26.0,1009.1,,,100,0.97,359,,,,,,,,,,,,,40,802,Clouds,scattered clouds,03n,2007-04-07 02:00:00,2007,4
1175889600,28800,Denpasar,-8.652497,115.219117,26.0,26.0,26.0,1009.1,,,94,1.02,326,,,,,,,,,,,,,20,801,Clouds,few clouds,02n,2007-04-07 03:00:00,2007,4
1175893200,28800,Denpasar,-8.652497,115.219117,25.1,25.1,25.1,1009.1,,,98,1.32,319,,,0.0,,,,,,,,,,20,801,Clouds,few clouds,02n,2007-04-07 04:00:00,2007,4
1175896800,28800,Denpasar,-8.652497,115.219117,25.0,25.0,25.0,1010.2,,,100,0.36,271,,,,,,,,,,,,,20,801,Clouds,few clouds,02n,2007-04-07 05:00:00,2007,4
1175900400,28800,Denpasar,-8.652497,115.219117,25.0,25.0,25.0,1010.8,,,94,1.04,265,,,,,,,,,,,,,40,802,Clouds,scattered clouds,03d,2007-04-07 06:00:00,2007,4
1175904000,28800,Denpasar,-8.652497,115.219117,26.6,26.6,26.6,1010.8,,,90,1.5,310,,,,,13.0,,,,,,,,20,801,Clouds,few clouds,02d,2007-04-07 07:00:00,2007,4
1175907600,28800,Denpasar,-8.652497,115.219117,28.0,28.0,28.0,1010.2,,,83,2.1,300,,,,,,,,,,,,,20,801,Clouds,few clouds,02d,2007-04-07 08:00:00,2007,4
1175911200,28800,Denpasar,-8.652497,115.219117,30.0,30.0,30.0,1010.8,,,74,2.41,245,,,,,,,,,,,,,40,802,Clouds,scattered clouds,03d,2007-04-07 09:00:00,2007,4
1175914800,28800,Denpasar,-8.652497,115.219117,29.0,29.0,29.0,1010.8,,,80,2.6,270,,,0.0,,,,,,,,,,20,801,Clouds,few clouds,02d,2007-04-07 10:00:00,2007,4
1175918400,28800,Denpasar,-8.652497,115.219117,29.0,29.0,29.0,1010.2,,,79,1.5,240,,,,,,,,,,,,,40,802,Clouds,scattered clouds,03d,2007-04-07 11:00:00,2007,4
1175922000,28800,Denpasar,-8.652497,115.219117,30.0,30.0,30.0,1010.2,,,79,3.1,260,,,,,,,,,,,,,40,802,Clouds,scattered clouds,03d,2007-04-07 12:00:00,2007,4
1175925600,28800,Denpasar,-8.652497,115.219117,29.4,29.4,29.4,1009.1,,,80,2.6,260,,,0.0,,,,,,,,,,40,211,Thunderstorm,thunderstorm,11d,2007-04-07 13:00:00,2007,4
1175929200,28800,Denpasar,-8.652497,115.219117,29.0,29.0,29.0,1008.1,,,83,3.1,260,,,,,,,,,,,,,20,801,Clouds,few clouds,02d,2007-04-07 14:00:00,2007,4
1175932800,28800,Denpasar,-8.652497,115.219117,29.0,29.0,29.0,1008.1,,,83,3.1,260,,,,,,,,,,,,,20,801,Clouds,few clouds,02d,2007-04-07 15:00:00,2007,4
1175936400,28800,Denpasar,-8.652497,115.219117,29.0,29.0,29.0,1009.1,,,81,1.0,270,,,0.0,,,,,,,,,,40,802,Clouds,scattered clouds,03d,2007-04-07 16:00:00,2007,4
1175940000,28800,Denpasar,-8.652497,115.219117,28.0,28.0,28.0,1009.1,,,88,1.0,100,,,,,,,,,,,,,75,803,Clouds,broken clouds,04d,2007-04-07 17:00:00,2007,4
1175943600,28800,Denpasar,-8.652497,115.219117,27.0,27.0,27.0,1010.2,,,94,0.99,49,,,,,,,,,,,,,75,803,Clouds,broken clouds,04n,2007-04-07 18:00:00,2007,4
1175947200,28800,Denpasar,-8.652497,115.219117,27.0,27.0,27.0,1010.2,,,92,1.5,20,,,0.0,,,,,,,,,,40,802,Clouds,scattered clouds,03n,2007-04-07 19:00:00,2007,4
1175950800,28800,Denpasar,-8.652497,115.219117,27.0,27.0,27.0,1010.8,,,94,1.93,30,,,,,,,,,,,,,75,501,Rain,moderate rain,10n,2007-04-07 20:00:00,2007,4
1175954400,28800,Denpasar,-8.652497,115.219117,27.0,27.0,27.0,1010.8,,,94,1.49,44,,,,,,,,,,,,,40,802,Clouds,scattered clouds,03n,2007-04-07 21:00:00,2007,4
1175958000,28800,Denpasar,-8.652497,115.219117,26.6,26.6,26.6,1011.9,,,93,1.63,47,,3.0,,,,,,,,,,,40,211,Thunderstorm,proximity thunderstorm,11n,2007-04-07 22:00:00,2007,4
1175958000,28800,Denpasar,-8.652497,115.219117,26.6,26.6,26.6,1011.9,,,93,1.63,47,,3.0,,,,,,,,,,,40,500,Rain,light rain,10n,2007-04-07 22:00:00,2007,4
1175961600,28800,Denpasar,-8.652497,115.219117,26.0,26.0,26.0,1010.8,,,100,2.18,41,,,,,,,,,,,,,20,801,Clouds,few clouds,02n,2007-04-07 23:00:00,2007,4
1175965200,28800,Denpasar,-8.652497,115.219117,26.66,26.66,26.66,1012.0,,,85,2.68,34,0.13,,,,,,,,,,,,52,500,Rain,light rain,10n,2007-04-08 00:00:00,2007,4
1175968800,28800,Denpasar,-8.652497,115.219117,26.54,26.54,26.54,1011.0,,,86,2.78,15,0.12,,,,,,,,,,,,53,500,Rain,light rain,10n,2007-04-08 01:00:00,2007,4
1175972400,28800,Denpasar,-8.652497,115.219117,25.0,25.0,25.0,1010.2,,,100,2.47,7,,,,,,,,,,,,,20,801,Clouds,few clouds,02n,2007-04-08 02:00:00,2007,4
1175976000,28800,Denpasar,-8.652497,115.219117,26.47,26.47,26.47,1010.0,,,86,2.13,3,,,,,,,,,,,,,53,803,Clouds,broken clouds,04n,2007-04-08 03:00:00,2007,4
1175979600,28800,Denpasar,-8.652497,115.219117,26.58,26.58,26.58,1011.0,,,85,1.41,3,,,,,,,,,,,,,49,802,Clouds,scattered clouds,03n,2007-04-08 04:00:00,2007,4
1175983200,28800,Denpasar,-8.652497,115.219117,25.0,25.0,25.0,1010.2,,,100,0.77,341,,,,,,,,,,,,,75,803,Clouds,broken clouds,04n,2007-04-08 05:00:00,2007,4
1175986800,28800,Denpasar,-8.652497,115.219117,25.0,25.0,25.0,1010.2,,,100,0.62,351,,,,,,,,,,,,,40,802,Clouds,scattered clouds,03d,2007-04-08 06:00:00,2007,4
1175990400,28800,Denpasar,-8.652497,115.219117,25.8,25.8,25.8,1010.8,,,93,1.5,310,,,,,3.0,,,,,,,,20,801,Clouds,few clouds,02d,2007-04-08 07:00:00,2007,4
1175994000,28800,Denpasar,-8.652497,115.219117,27.0,27.0,27.0,1010.8,,,94,0.31,53,,,,,,,,,,,,,20,801,Clouds,few clouds,02d,2007-04-08 08:00:00,2007,4
1175997600,28800,Denpasar,-8.652497,115.219117,28.0,28.0,28.0,1011.9,,,83,2.1,60,,,,,,,,,,,,,20,801,Clouds,few clouds,02d,2007-04-08 09:00:00,2007,4
1176001200,28800,Denpasar,-8.652497,115.219117,28.8,28.8,28.8,1010.8,,,77,1.5,100,,,0.0,,,,,,,,,,40,802,Clouds,scattered clouds,03d,2007-04-08 10:00:00,2007,4
1176004800,28800,Denpasar,-8.652497,115.219117,30.0,30.0,30.0,1010.2,,,79,2.1,80,,,,,,,,,,,,,40,802,Clouds,scattered clouds,03d,2007-04-08 11:00:00,2007,4
1176008400,28800,Denpasar,-8.652497,115.219117,30.0,30.0,30.0,1009.1,,,79,3.6,90,,,,,,,,,,,,,20,801,Clouds,few clouds,02d,2007-04-08 12:00:00,2007,4
1176012000,28800,Denpasar,-8.652497,115.219117,29.8,29.8,29.8,1009.1,,,75,2.6,110,,,0.0,,,,,,,,,,20,801,Clouds,few clouds,02d,2007-04-08 13:00:00,2007,4
1176015600,28800,Denpasar,-8.652497,115.219117,31.0,31.0,31.0,1008.1,,,70,3.1,100,,,,,,,,,,,,,20,801,Clouds,few clouds,02d,2007-04-08 14:00:00,2007,4
1176019200,28800,Denpasar,-8.652497,115.219117,31.0,31.0,31.0,1008.1,,,70,4.1,100,,,,,,,,,,,,,20,801,Clouds,few clouds,02d,2007-04-08 15:00:00,2007,4
1176022800,28800,Denpasar,-8.652497,115.219117,29.8,29.8,29.8,1008.1,,,74,3.1,130,,,0.0,,,,,,,,,,20,801,Clouds,few clouds,02d,2007-04-08 16:00:00,2007,4
1176026400,28800,Denpasar,-8.652497,115.219117,29.0,29.0,29.0,1008.1,,,79,1.5,160,,,,,,,,,,,,,20,801,Clouds,few clouds,02d,2007-04-08 17:00:00,2007,4
1176030000,28800,Denpasar,-8.652497,115.219117,28.0,28.0,28.0,1009.1,,,83,1.0,140,,,,,,,,,,,,,75,803,Clouds,broken clouds,04n,2007-04-08 18:00:00,2007,4
1176033600,28800,Denpasar,-8.652497,115.219117,27.4,27.4,27.4,1010.2,,,85,1.11,315,,,0.0,,,,,,,,,,40,802,Clouds,scattered clouds,03n,2007-04-08 19:00:00,2007,4
1176037200,28800,Denpasar,-8.652497,115.219117,27.0,27.0,27.0,1010.2,,,88,0.85,322,,,,,,,,,,,,,40,802,Clouds,scattered clouds,03n,2007-04-08 20:00:00,2007,4
1176040800,28800,Denpasar,-8.652497,115.219117,27.0,27.0,27.0,1010.8,,,88,0.68,25,,,,,,,,,,,,,40,802,Clouds,scattered clouds,03n,2007-04-08 21:00:00,2007,4
1176044400,28800,Denpasar,-8.652497,115.219117,27.2,27.2,27.2,1010.8,,,92,1.49,33,,,0.0,,,,,,,,,,40,802,Clouds,scattered clouds,03n,2007-04-08 22:00:00,2007,4
1176048000,28800,Denpasar,-8.652497,115.219117,27.0,27.0,27.0,1010.2,,,94,1.97,40,,,,,,,,,,,,,40,802,Clouds,scattered clouds,03n,2007-04-08 23:00:00,2007,4
1176051600,28800,Denpasar,-8.652497,115.219117,27.0,27.0,27.0,1010.2,,,94,1.22,18,,,,,,,,,,,,,40,802,Clouds,scattered clouds,03n,2007-04-09 00:00:00,2007,4
1176055200,28800,Denpasar,-8.652497,115.219117,27.0,27.0,27.0,1010.2,,,89,0.94,346,,,0.0,,,,,,,,,,75,803,Clouds,broken clouds,04n,2007-04-09 01:00:00,2007,4
1176058800,28800,Denpasar,-8.652497,115.219117,27.0,27.0,27.0,1010.2,,,89,0.52,309,,,0.0,,,,,,,,,,75,803,Clouds,broken clouds,04n,2007-04-09 02:00:00,2007,4
1176062400,28800,Denpasar,-8.652497,115.219117,25.6,25.6,25.6,1010.2,,,94,0.37,210,,,0.0,,,,,,,,,,40,802,Clouds,scattered clouds,03n,2007-04-09 03:00:00,2007,4
1176066000,28800,Denpasar,-8.652497,115.219117,25.6,25.6,25.6,1010.2,,,94,0.99,202,,,0.0,,,,,,,,,,40,802,Clouds,scattered clouds,03n,2007-04-09 04:00:00,2007,4
1176069600,28800,Denpasar,-8.652497,115.219117,25.6,25.6,25.6,1010.2,,,94,0.84,214,,,0.0,,,,,,,,,,40,802,Clouds,scattered clouds,03n,2007-04-09 05:00:00,2007,4
1176073200,28800,Denpasar,-8.652497,115.219117,27.2,27.2,27.2,1010.8,,,90,1.11,209,,,0.0,,,,,,,,,,40,802,Clouds,scattered clouds,03d,2007-04-09 06:00:00,2007,4
1176076800,28800,Denpasar,-8.652497,115.219117,26.59,26.59,26.59,1011.0,,,86,0.54,176,0.29,,,,,,,,,,,,54,500,Rain,light rain,10d,2007-04-09 07:00:00,2007,4
1176080400,28800,Denpasar,-8.652497,115.219117,29.0,29.0,29.0,1010.8,,,79,2.1,300,,,,,,,,,,,,,20,801,Clouds,few clouds,02d,2007-04-09 08:00:00,2007,4
1176084000,28800,Denpasar,-8.652497,115.219117,26.74,26.74,26.74,1012.0,,,85,1.62,188,0.15,,,,,,,,,,,,43,500,Rain,light rain,10d,2007-04-09 09:00:00,2007,4
1176087600,28800,Denpasar,-8.652497,115.219117,26.34,26.34,26.34,1012.0,,,87,2.61,192,0.49,,,,,,,,,,,,47,500,Rain,light rain,10d,2007-04-09 10:00:00,2007,4
1176091200,28800,Denpasar,-8.652497,115.219117,31.0,31.0,31.0,1010.2,,,74,3.6,260,,,,,,,,,,,,,40,802,Clouds,scattered clouds,03d,2007-04-09 11:00:00,2007,4
1176094800,28800,Denpasar,-8.652497,115.219117,31.0,31.0,31.0,1009.1,,,74,3.1,250,,,,,,,,,,,,,40,802,Clouds,scattered clouds,03d,2007-04-09 12:00:00,2007,4
1176098400,28800,Denpasar,-8.652497,115.219117,30.7,30.7,30.7,1009.1,,,77,4.1,260,,,0.0,,,,,,,,,,40,802,Clouds,scattered clouds,03d,2007-04-09 13:00:00,2007,4
1176102000,28800,Denpasar,-8.652497,115.219117,32.0,32.0,32.0,1008.1,,,70,4.1,230,,,,,,,,,,,,,20,801,Clouds,few clouds,02d,2007-04-09 14:00:00,2007,4
1176105600,28800,Denpasar,-8.652497,115.219117,30.0,30.0,30.0,1008.1,,,79,4.1,240,,,,,,,,,,,,,40,802,Clouds,scattered clouds,03d,2007-04-09 15:00:00,2007,4
1176109200,28800,Denpasar,-8.652497,115.219117,29.0,29.0,29.0,1009.1,,,80,3.1,130,,,0.0,,,,,,,,,,20,801,Clouds,few clouds,02d,2007-04-09 16:00:00,2007,4
1176112800,28800,Denpasar,-8.652497,115.219117,29.0,29.0,29.0,1009.1,,,83,1.5,120,,,,,,,,,,,,,20,801,Clouds,few clouds,02d,2007-04-09 17:00:00,2007,4
1176116400,28800,Denpasar,-8.652497,115.219117,27.0,27.0,27.0,1009.1,,,88,2.1,30,,,,,,,,,,,,,20,801,Clouds,few clouds,02n,2007-04-09 18:00:00,2007,4
1176120000,28800,Denpasar,-8.652497,115.219117,27.0,27.0,27.0,1010.2,,,87,2.6,60,,,0.0,,,,,,,,,,40,802,Clouds,scattered clouds,03n,2007-04-09 19:00:00,2007,4
1176123600,28800,Denpasar,-8.652497,115.219117,27.0,27.0,27.0,1010.8,,,88,1.05,73,,,,,,,,,,,,,20,801,Clouds,few clouds,02n,2007-04-09 20:00:00,2007,4
1176127200,28800,Denpasar,-8.652497,115.219117,27.0,27.0,27.0,1010.8,,,88,1.34,77,,,,,,,,,,,,,40,802,Clouds,scattered clouds,03n,2007-04-09 21:00:00,2007,4
1176130800,28800,Denpasar,-8.652497,115.219117,26.6,26.6,26.6,1010.8,,,90,1.44,71,,,0.0,,,,,,,,,,20,801,Clouds,few clouds,02n,2007-04-09 22:00:00,2007,4
1176134400,28800,Denpasar,-8.652497,115.219117,26.0,26.0,26.0,1010.8,,,94,1.33,72,,,,,,,,,,,,,20,801,Clouds,few clouds,02n,2007-04-09 23:00:00,2007,4
1176138000,28800,Denpasar,-8.652497,115.219117,26.0,26.0,26.0,1010.2,,,94,1.27,75,,,,,,,,,,,,,20,801,Clouds,few clouds,02n,2007-04-10 00:00:00,2007,4
1176141600,28800,Denpasar,-8.652497,115.219117,26.0,26.0,26.0,1010.2,,,94,1.07,74,,,0.0,,,,,,,,,,20,801,Clouds,few clouds,02n,2007-04-10 01:00:00,2007,4
1176145200,28800,Denpasar,-8.652497,115.219117,26.0,26.0,26.0,1009.1,,,94,1.5,320,,,,,,,,,,,,,20,801,Clouds,few clouds,02n,2007-04-10 02:00:00,2007,4
1176148800,28800,Denpasar,-8.652497,115.219117,26.0,26.0,26.0,1009.1,,,94,1.5,105,,,,,,,,,,,,,20,801,Clouds,few clouds,02n,2007-04-10 03:00:00,2007,4
1176152400,28800,Denpasar,-8.652497,115.219117,25.0,25.0,25.0,1010.2,,,94,2.13,120,,,0.0,,,,,,,,,,40,802,Clouds,scattered clouds,03n,2007-04-10 04:00:00,2007,4
1176156000,28800,Denpasar,-8.652497,115.219117,25.0,25.0,25.0,1010.2,,,94,3.34,109,,,,,,,,,,,,,40,802,Clouds,scattered clouds,03n,2007-04-10 05:00:00,2007,4
1176159600,28800,Denpasar,-8.652497,115.219117,25.89,25.89,25.89,1012.0,,,90,3.19,110,0.69,,,,,,,,,,,,70,500,Rain,light rain,10d,2007-04-10 06:00:00,2007,4
1176163200,28800,Denpasar,-8.652497,115.219117,26.0,26.0,26.0,1012.0,,,89,3.16,110,0.44,,,,,,,,,,,,80,500,Rain,light rain,10d,2007-04-10 07:00:00,2007,4
1176166800,28800,Denpasar,-8.652497,115.219117,29.0,29.0,29.0,1011.9,,,83,1.5,280,,,,,,,,,,,,,40,802,Clouds,scattered clouds,03d,2007-04-10 08:00:00,2007,4
1176170400,28800,Denpasar,-8.652497,115.219117,30.0,30.0,30.0,1011.9,,,84,1.5,240,,,,,,,,,,,,,40,802,Clouds,scattered clouds,03d,2007-04-10 09:00:00,2007,4
1176174000,28800,Denpasar,-8.652497,115.219117,30.0,30.0,30.0,1011.9,,,78,2.1,270,,,0.0,,,,,,,,,,40,802,Clouds,scattered clouds,03d,2007-04-10 10:00:00,2007,4
1176177600,28800,Denpasar,-8.652497,115.219117,30.0,30.0,30.0,1010.8,,,84,2.6,250,,,,,,,,,,,,,40,802,Clouds,scattered clouds,03d,2007-04-10 11:00:00,2007,4
1176181200,28800,Denpasar,-8.652497,115.219117,30.0,30.0,30.0,1010.2,,,84,0.5,260,,,,,,,,,,,,,40,802,Clouds,scattered clouds,03d,2007-04-10 12:00:00,2007,4
1176184800,28800,Denpasar,-8.652497,115.219117,30.0,30.0,30.0,1009.1,,,78,2.1,230,,,0.0,,,,,,,,,,40,802,Clouds,scattered clouds,03d,2007-04-10 13:00:00,2007,4
1176188400,28800,Denpasar,-8.652497,115.219117,32.0,32.0,32.0,1009.1,,,66,3.6,110,,,,,,,,,,,,,40,802,Clouds,scattered clouds,03d,2007-04-10 14:00:00,2007,4
1176192000,28800,Denpasar,-8.652497,115.219117,31.0,31.0,31.0,1009.1,,,70,2.1,140,,,,,,,,,,,,,20,801,Clouds,few clouds,02d,2007-04-10 15:00:00,2007,4
1176195600,28800,Denpasar,-8.652497,115.219117,30.6,30.6,30.6,1009.1,,,74,1.0,160,,,0.0,,,,,,,,,,20,801,Clouds,few clouds,02d,2007-04-10 16:00:00,2007,4
1176199200,28800,Denpasar,-8.652497,115.219117,30.0,30.0,30.0,1009.1,,,79,1.0,150,,,,,,,,,,,,,20,801,Clouds,few clouds,02d,2007-04-10 17:00:00,2007,4
1176202800,28800,Denpasar,-8.652497,115.219117,28.0,28.0,28.0,1010.2,,,88,1.0,120,,,,,,,,,,,,,20,801,Clouds,few clouds,02n,2007-04-10 18:00:00,2007,4
1176206400,28800,Denpasar,-8.652497,115.219117,28.2,28.2,28.2,1010.8,,,83,1.5,100,,,0.0,,,,,,,,,,20,801,Clouds,few clouds,02n,2007-04-10 19:00:00,2007,4
1176210000,28800,Denpasar,-8.652497,115.219117,28.0,28.0,28.0,1010.8,,,83,2.1,110,,,,,,,,,,,,,20,801,Clouds,few clouds,02n,2007-04-10 20:00:00,2007,4
1176213600,28800,Denpasar,-8.652497,115.219117,28.0,28.0,28.0,1011.9,,,83,4.01,105,,,,,,,,,,,,,20,801,Clouds,few clouds,02n,2007-04-10 21:00:00,2007,4
1176217200,28800,Denpasar,-8.652497,115.219117,27.0,27.0,27.0,1011.9,,,92,4.17,100,,,0.0,,,,,,,,,,20,801,Clouds,few clouds,02n,2007-04-10 22:00:00,2007,4
1176220800,28800,Denpasar,-8.652497,115.219117,27.0,27.0,27.0,1011.9,,,88,4.27,98,,,,,,,,,,,,,20,801,Clouds,few clouds,02n,2007-04-10 23:00:00,2007,4
1176224400,28800,Denpasar,-8.652497,115.219117,27.04,27.04,27.04,1012.0,,,88,3.88,98,,,,,,,,,,,,,27,802,Clouds,scattered clouds,03n,2007-04-11 00:00:00,2007,4
1176228000,28800,Denpasar,-8.652497,115.219117,26.94,26.94,26.94,1011.0,,,89,3.57,101,,,,,,,,,,,,,22,801,Clouds,few clouds,02n,2007-04-11 01:00:00,2007,4
1176231600,28800,Denpasar,-8.652497,115.219117,26.0,26.0,26.0,1010.8,,,94,3.48,105,,,,,,,,,,,,,20,801,Clouds,few clouds,02n,2007-04-11 02:00:00,2007,4
1176235200,28800,Denpasar,-8.652497,115.219117,26.85,26.85,26.85,1011.0,,,89,3.52,108,,,,,,,,,,,,,13,801,Clouds,few clouds,02n,2007-04-11 03:00:00,2007,4
1176238800,28800,Denpasar,-8.652497,115.219117,26.74,26.74,26.74,1011.0,,,89,3.67,110,,,,,,,,,,,,,19,801,Clouds,few clouds,02n,2007-04-11 04:00:00,2007,4
1176242400,28800,Denpasar,-8.652497,115.219117,26.0,26.0,26.0,1010.8,,,94,3.91,105,,,,,,,,,,,,,40,802,Clouds,scattered clouds,03n,2007-04-11 05:00:00,2007,4
1176246000,28800,Denpasar,-8.652497,115.219117,26.0,26.0,26.0,1011.9,,,100,4.24,107,,,,,,,,,,,,,40,802,Clouds,scattered clouds,03d,2007-04-11 06:00:00,2007,4
1176249600,28800,Denpasar,-8.652497,115.219117,26.6,26.6,26.6,1011.9,,,87,4.32,108,,,0.0,,,,,,,,,,75,803,Clouds,broken clouds,04d,2007-04-11 07:00:00,2007,4
1176253200,28800,Denpasar,-8.652497,115.219117,29.0,29.0,29.0,1012.9,,,83,1.5,80,,,,,,,,,,,,,40,802,Clouds,scattered clouds,03d,2007-04-11 08:00:00,2007,4
1176256800,28800,Denpasar,-8.652497,115.219117,29.0,29.0,29.0,1012.9,,,83,2.1,130,,,,,,,,,,,,,40,802,Clouds,scattered clouds,03d,2007-04-11 09:00:00,2007,4
1176260400,28800,Denpasar,-8.652497,115.219117,30.2,30.2,30.2,1012.9,,,79,3.6,110,,,0.0,,,,,,,,,,40,802,Clouds,scattered clouds,03d,2007-04-11 10:00:00,2007,4
1176264000,28800,Denpasar,-8.652497,115.219117,31.0,31.0,31.0,1011.9,,,74,4.1,110,,,,,,,,,,,,,20,801,Clouds,few clouds,02d,2007-04-11 11:00:00,2007,4
1176267600,28800,Denpasar,-8.652497,115.219117,26.95,26.95,26.95,1012.0,,,89,3.82,150,0.17,,,,,,,,,,,,24,500,Rain,light rain,10d,2007-04-11 12:00:00,2007,4
1176271200,28800,Denpasar,-8.652497,115.219117,27.11,27.11,27.11,1011.0,,,88,3.84,153,0.19,,,,,,,,,,,,33,500,Rain,light rain,10d,2007-04-11 13:00:00,2007,4
1176274800,28800,Denpasar,-8.652497,115.219117,31.0,31.0,31.0,1010.2,,,74,4.1,100,,,,,,,,,,,,,20,801,Clouds,few clouds,02d,2007-04-11 14:00:00,2007,4
1176278400,28800,Denpasar,-8.652497,115.219117,31.0,31.0,31.0,1010.2,,,70,3.6,120,,,,,,,,,,,,,20,801,Clouds,few clouds,02d,2007-04-11 15:00:00,2007,4
1176282000,28800,Denpasar,-8.652497,115.219117,30.0,30.0,30.0,1010.2,,,71,3.6,110,,,0.0,,,,,,,,,,20,801,Clouds,few clouds,02d,2007-04-11 16:00:00,2007,4
1176285600,28800,Denpasar,-8.652497,115.219117,29.0,29.0,29.0,1010.2,,,79,3.6,110,,,,,,,,,,,,,20,801,Clouds,few clouds,02d,2007-04-11 17:00:00,2007,4
1176289200,28800,Denpasar,-8.652497,115.219117,28.0,28.0,28.0,1010.2,,,83,2.6,100,,,,,,,,,,,,,20,801,Clouds,few clouds,02n,2007-04-11 18:00:00,2007,4
1176292800,28800,Denpasar,-8.652497,115.219117,28.0,28.0,28.0,1010.8,,,81,2.1,100,,,0.0,,,,,,,,,,20,801,Clouds,few clouds,02n,2007-04-11 19:00:00,2007,4
1176296400,28800,Denpasar,-8.652497,115.219117,28.0,28.0,28.0,1011.9,,,83,2.1,100,,,,,,,,,,,,,20,801,Clouds,few clouds,02n,2007-04-11 20:00:00,2007,4
1176300000,28800,Denpasar,-8.652497,115.219117,28.0,28.0,28.0,1011.9,,,83,2.6,100,,,,,,,,,,,,,40,802,Clouds,scattered clouds,03n,2007-04-11 21:00:00,2007,4
1176303600,28800,Denpasar,-8.652497,115.219117,27.5,27.5,27.5,1011.9,,,87,1.5,80,,,0.0,,,,,,,,,,40,802,Clouds,scattered clouds,03n,2007-04-11 22:00:00,2007,4
1176307200,28800,Denpasar,-8.652497,115.219117,28.0,28.0,28.0,1011.9,,,78,3.1,100,,,,,,,,,,,,,40,802,Clouds,scattered clouds,03n,2007-04-11 23:00:00,2007,4
1176310800,28800,Denpasar,-8.652497,115.219117,28.0,28.0,28.0,1010.8,,,83,2.1,80,,,,,,,,,,,,,20,801,Clouds,few clouds,02n,2007-04-12 00:00:00,2007,4
1176314400,28800,Denpasar,-8.652497,115.219117,25.8,25.8,25.8,1010.2,,,92,4.56,101,,,0.0,,,,,,,,,,40,802,Clouds,scattered clouds,03n,2007-04-12 01:00:00,2007,4
1176318000,28800,Denpasar,-8.652497,115.219117,25.8,25.8,25.8,1010.2,,,92,4.26,105,,,0.0,,,,,,,,,,40,802,Clouds,scattered clouds,03n,2007-04-12 02:00:00,2007,4
1176321600,28800,Denpasar,-8.652497,115.219117,24.9,24.9,24.9,1009.7,,,89,4.08,112,,,0.0,,,,,,,,,,20,801,Clouds,few clouds,02n,2007-04-12 03:00:00,2007,4
1176325200,28800,Denpasar,-8.652497,115.219117,28.02,28.02,28.02,1010.0,,,76,4.1,117,,,,,,,,,,,,,33,802,Clouds,scattered clouds,03n,2007-04-12 04:00:00,2007,4
1176328800,28800,Denpasar,-8.652497,115.219117,24.0,24.0,24.0,1010.8,,,94,4.17,114,,,,,,,,,,,,,20,801,Clouds,few clouds,02n,2007-04-12 05:00:00,2007,4
1176332400,28800,Denpasar,-8.652497,115.219117,24.0,24.0,24.0,1010.8,,,94,4.26,113,,,,,,,,,,,,,20,801,Clouds,few clouds,02d,2007-04-12 06:00:00,2007,4
1176336000,28800,Denpasar,-8.652497,115.219117,27.0,27.0,27.0,1011.9,,,79,4.29,110,,,0.0,,,,,,,,,,20,801,Clouds,few clouds,02d,2007-04-12 07:00:00,2007,4
1176339600,28800,Denpasar,-8.652497,115.219117,29.0,29.0,29.0,1011.9,,,83,4.21,108,,,,,,,,,,,,,20,801,Clouds,few clouds,02d,2007-04-12 08:00:00,2007,4
1176343200,28800,Denpasar,-8.652497,115.219117,27.0,27.0,27.0,1012.9,,,94,3.1,150,,,,,,,,,,,,,75,501,Rain,moderate rain,10d,2007-04-12 09:00:00,2007,4
1176346800,28800,Denpasar,-8.652497,115.219117,26.6,26.6,26.6,1012.9,,,90,3.6,130,,14.0,,,,,,,,,,,75,502,Rain,heavy intensity rain,10d,2007-04-12 10:00:00,2007,4
1176350400,28800,Denpasar,-8.652497,115.219117,27.0,27.0,27.0,1011.9,,,88,5.1,120,,,,,,,,,,,,,40,802,Clouds,scattered clouds,03d,2007-04-12 11:00:00,2007,4
1176354000,28800,Denpasar,-8.652497,115.219117,27.74,27.74,27.74,1011.0,,,80,5.69,134,,,,,,,,,,,,,34,802,Clouds,scattered clouds,03d,2007-04-12 12:00:00,2007,4
1176357600,28800,Denpasar,-8.652497,115.219117,27.63,27.63,27.63,1010.0,,,82,5.59,134,,,,,,,,,,,,,41,802,Clouds,scattered clouds,03d,2007-04-12 13:00:00,2007,4
1176361200,28800,Denpasar,-8.652497,115.219117,31.0,31.0,31.0,1009.1,,,74,3.1,120,,,,,,,,,,,,,40,802,Clouds,scattered clouds,03d,2007-04-12 14:00:00,2007,4
1176364800,28800,Denpasar,-8.652497,115.219117,30.0,30.0,30.0,1009.1,,,79,3.6,120,,,,,,,,,,,,,40,802,Clouds,scattered clouds,03d,2007-04-12 15:00:00,2007,4
1176368400,28800,Denpasar,-8.652497,115.219117,29.6,29.6,29.6,1009.1,,,78,3.6,120,,,0.0,,,,,,,,,,40,802,Clouds,scattered clouds,03d,2007-04-12 16:00:00,2007,4
1176372000,28800,Denpasar,-8.652497,115.219117,29.0,29.0,29.0,1009.1,,,79,3.1,120,,,,,,,,,,,,,40,802,Clouds,scattered clouds,03d,2007-04-12 17:00:00,2007,4
1176375600,28800,Denpasar,-8.652497,115.219117,29.0,29.0,29.0,1010.2,,,74,3.1,120,,,,,,,,,,,,,40,802,Clouds,scattered clouds,03n,2007-04-12 18:00:00,2007,4
1176379200,28800,Denpasar,-8.652497,115.219117,26.4,26.4,26.4,1009.2,,,90,3.1,120,,,0.0,,,,,,,,,,20,801,Clouds,few clouds,02n,2007-04-12 19:00:00,2007,4
1176382800,28800,Denpasar,-8.652497,115.219117,28.0,28.0,28.0,1010.8,,,83,3.1,120,,,,,,,,,,,,,40,802,Clouds,scattered clouds,03n,2007-04-12 20:00:00,2007,4
1176386400,28800,Denpasar,-8.652497,115.219117,28.0,28.0,28.0,1011.9,,,83,3.1,120,,,,,,,,,,,,,40,802,Clouds,scattered clouds,03n,2007-04-12 21:00:00,2007,4
1176390000,28800,Denpasar,-8.652497,115.219117,28.2,28.2,28.2,1011.9,,,83,2.6,120,,,0.0,,,,,,,,,,20,801,Clouds,few clouds,02n,2007-04-12 22:00:00,2007,4
1176393600,28800,Denpasar,-8.652497,115.219117,28.0,28.0,28.0,1011.9,,,83,3.1,110,,,,,,,,,,,,,40,802,Clouds,scattered clouds,03n,2007-04-12 23:00:00,2007,4
1176397200,28800,Denpasar,-8.652497,115.219117,28.0,28.0,28.0,1010.8,,,83,2.1,120,,,,,,,,,,,,,40,802,Clouds,scattered clouds,03n,2007-04-13 00:00:00,2007,4
1176400800,28800,Denpasar,-8.652497,115.219117,27.8,27.8,27.8,1010.2,,,86,3.6,120,,,0.0,,,,,,,,,,40,802,Clouds,scattered clouds,03n,2007-04-13 01:00:00,2007,4
1176404400,28800,Denpasar,-8.652497,115.219117,28.0,28.0,28.0,1010.2,,,83,4.1,100,,,,,,,,,,,,,75,803,Clouds,broken clouds,04n,2007-04-13 02:00:00,2007,4
1176408000,28800,Denpasar,-8.652497,115.219117,27.63,27.63,27.63,1010.0,,,82,4.61,104,,,,,,,,,,,,,14,801,Clouds,few clouds,02n,2007-04-13 03:00:00,2007,4
1176411600,28800,Denpasar,-8.652497,115.219117,27.62,27.62,27.62,1010.0,,,83,4.89,102,,,,,,,,,,,,,11,801,Clouds,few clouds,02n,2007-04-13 04:00:00,2007,4
1176415200,28800,Denpasar,-8.652497,115.219117,25.0,25.0,25.0,1010.2,,,94,1.5,40,,,,,,,,,,,,,40,802,Clouds,scattered clouds,03n,2007-04-13 05:00:00,2007,4
1176418800,28800,Denpasar,-8.652497,115.219117,25.0,25.0,25.0,1010.8,,,94,1.5,60,,,,,,,,,,,,,40,802,Clouds,scattered clouds,03d,2007-04-13 06:00:00,2007,4
1176422400,28800,Denpasar,-8.652497,115.219117,26.8,26.8,26.8,1010.8,,,82,1.0,20,,,,,14.0,,,,,,,,20,801,Clouds,few clouds,02d,2007-04-13 07:00:00,2007,4
1176426000,28800,Denpasar,-8.652497,115.219117,30.0,30.0,30.0,1011.9,,,79,3.6,90,,,,,,,,,,,,,20,801,Clouds,few clouds,02d,2007-04-13 08:00:00,2007,4
1176429600,28800,Denpasar,-8.652497,115.219117,31.0,31.0,31.0,1011.9,,,70,3.6,90,,,,,,,,,,,,,20,801,Clouds,few clouds,02d,2007-04-13 09:00:00,2007,4
1176433200,28800,Denpasar,-8.652497,115.219117,30.2,30.2,30.2,1010.8,,,71,3.6,110,,,0.0,,,,,,,,,,20,801,Clouds,few clouds,02d,2007-04-13 10:00:00,2007,4
1176436800,28800,Denpasar,-8.652497,115.219117,31.0,31.0,31.0,1010.2,,,79,3.6,110,,,,,,,,,,,,,40,802,Clouds,scattered clouds,03d,2007-04-13 11:00:00,2007,4
1176440400,28800,Denpasar,-8.652497,115.219117,31.0,31.0,31.0,1009.1,,,74,4.6,100,,,,,,,,,,,,,20,801,Clouds,few clouds,02d,2007-04-13 12:00:00,2007,4
1176444000,28800,Denpasar,-8.652497,115.219117,30.6,30.6,30.6,1009.1,,,72,4.1,120,,,0.0,,,,,,,,,,20,801,Clouds,few clouds,02d,2007-04-13 13:00:00,2007,4
1176447600,28800,Denpasar,-8.652497,115.219117,31.0,31.0,31.0,1008.1,,,70,4.6,120,,,,,,,,,,,,,20,801,Clouds,few clouds,02d,2007-04-13 14:00:00,2007,4
1176451200,28800,Denpasar,-8.652497,115.219117,30.0,30.0,30.0,1007.1,,,74,4.1,130,,,,,,,,,,,,,20,801,Clouds,few clouds,02d,2007-04-13 15:00:00,2007,4
1176454800,28800,Denpasar,-8.652497,115.219117,30.1,30.1,30.1,1008.1,,,74,4.6,110,,,0.0,,,,,,,,,,20,801,Clouds,few clouds,02d,2007-04-13 16:00:00,2007,4
1176458400,28800,Denpasar,-8.652497,115.219117,29.0,29.0,29.0,1008.1,,,79,4.1,110,,,,,,,,,,,,,20,801,Clouds,few clouds,02d,2007-04-13 17:00:00,2007,4
1176462000,28800,Denpasar,-8.652497,115.219117,29.0,29.0,29.0,1009.1,,,79,4.1,110,,,,,,,,,,,,,20,801,Clouds,few clouds,02n,2007-04-13 18:00:00,2007,4
1176465600,28800,Denpasar,-8.652497,115.219117,28.6,28.6,28.6,1010.2,,,79,4.1,100,,,0.0,,,,,,,,,,20,801,Clouds,few clouds,02n,2007-04-13 19:00:00,2007,4
1176469200,28800,Denpasar,-8.652497,115.219117,28.0,28.0,28.0,1010.2,,,83,4.1,100,,,,,,,,,,,,,20,801,Clouds,few clouds,02n,2007-04-13 20:00:00,2007,4
1176472800,28800,Denpasar,-8.652497,115.219117,28.0,28.0,28.0,1010.8,,,83,5.1,100,,,,,,,,,,,,,20,801,Clouds,few clouds,02n,2007-04-13 21:00:00,2007,4
1176476400,28800,Denpasar,-8.652497,115.219117,28.4,28.4,28.4,1010.8,,,78,4.6,110,,,0.0,,,,,,,,,,20,801,Clouds,few clouds,02n,2007-04-13 22:00:00,2007,4
1176480000,28800,Denpasar,-8.652497,115.219117,28.4,28.4,28.4,1010.8,,,78,4.6,110,,,0.0,,,,,,,,,,20,801,Clouds,few clouds,02n,2007-04-13 23:00:00,2007,4
1176483600,28800,Denpasar,-8.652497,115.219117,28.0,28.0,28.0,1010.2,,,82,2.6,120,,,0.0,,,,,,,,,,40,802,Clouds,scattered clouds,03n,2007-04-14 00:00:00,2007,4
1176487200,28800,Denpasar,-8.652497,115.219117,28.0,28.0,28.0,1010.2,,,82,2.6,120,,,0.0,,,,,,,,,,40,802,Clouds,scattered clouds,03n,2007-04-14 01:00:00,2007,4
1176490800,28800,Denpasar,-8.652497,115.219117,28.0,28.0,28.0,1010.2,,,82,2.6,120,,,0.0,,,,,,,,,,40,802,Clouds,scattered clouds,03n,2007-04-14 02:00:00,2007,4
1176494400,28800,Denpasar,-8.652497,115.219117,24.6,24.6,24.6,1010.2,,,93,4.01,101,,,0.0,,,,,,,,,,20,801,Clouds,few clouds,02n,2007-04-14 03:00:00,2007,4
1176498000,28800,Denpasar,-8.652497,115.219117,24.6,24.6,24.6,1010.2,,,93,4.16,98,,,0.0,,,,,,,,,,20,801,Clouds,few clouds,02n,2007-04-14 04:00:00,2007,4
1176501600,28800,Denpasar,-8.652497,115.219117,27.58,27.58,27.58,1010.0,,,82,4.84,90,,,,,,,,,,,,,3,800,Clear,sky is clear,01n,2007-04-14 05:00:00,2007,4
1176505200,28800,Denpasar,-8.652497,115.219117,27.66,27.66,27.66,1011.0,,,81,4.45,85,,,,,,,,,,,,,1,800,Clear,sky is clear,01d,2007-04-14 06:00:00,2007,4
1176508800,28800,Denpasar,-8.652497,115.219117,26.6,26.6,26.6,1010.8,,,83,4.01,83,,,0.0,,,,,,,,,,20,801,Clouds,few clouds,02d,2007-04-14 07:00:00,2007,4
1176512400,28800,Denpasar,-8.652497,115.219117,30.0,30.0,30.0,1011.9,,,79,1.0,100,,,,,,,,,,,,,20,801,Clouds,few clouds,02d,2007-04-14 08:00:00,2007,4
1176516000,28800,Denpasar,-8.652497,115.219117,31.0,31.0,31.0,1011.9,,,74,2.6,90,,,,,,,,,,,,,20,801,Clouds,few clouds,02d,2007-04-14 09:00:00,2007,4
1176519600,28800,Denpasar,-8.652497,115.219117,30.2,30.2,30.2,1011.9,,,75,3.1,100,,,0.0,,,,,,,,,,20,801,Clouds,few clouds,02d,2007-04-14 10:00:00,2007,4
1176523200,28800,Denpasar,-8.652497,115.219117,31.0,31.0,31.0,1010.8,,,74,3.6,100,,,,,,,,,,,,,40,802,Clouds,scattered clouds,03d,2007-04-14 11:00:00,2007,4
1176526800,28800,Denpasar,-8.652497,115.219117,31.0,31.0,31.0,1010.2,,,70,3.6,110,,,,,,,,,,,,,20,801,Clouds,few clouds,02d,2007-04-14 12:00:00,2007,4
1176530400,28800,Denpasar,-8.652497,115.219117,31.3,31.3,31.3,1009.1,,,70,3.6,100,,,0.0,,,,,,,,,,20,801,Clouds,few clouds,02d,2007-04-14 13:00:00,2007,4
1176534000,28800,Denpasar,-8.652497,115.219117,31.0,31.0,31.0,1009.1,,,70,3.6,120,,,,,,,,,,,,,20,801,Clouds,few clouds,02d,2007-04-14 14:00:00,2007,4
1176537600,28800,Denpasar,-8.652497,115.219117,28.19,28.19,28.19,1009.0,,,81,4.06,138,,,,,,,,,,,,,9,800,Clear,sky is clear,01d,2007-04-14 15:00:00,2007,4
1176541200,28800,Denpasar,-8.652497,115.219117,28.13,28.13,28.13,1009.0,,,82,4.1,135,,,,,,,,,,,,,13,801,Clouds,few clouds,02d,2007-04-14 16:00:00,2007,4
1176544800,28800,Denpasar,-8.652497,115.219117,29.0,29.0,29.0,1009.1,,,79,3.6,120,,,,,,,,,,,,,20,801,Clouds,few clouds,02d,2007-04-14 17:00:00,2007,4
1176548400,28800,Denpasar,-8.652497,115.219117,29.0,29.0,29.0,1010.2,,,79,3.6,120,,,,,,,,,,,,,20,801,Clouds,few clouds,02n,2007-04-14 18:00:00,2007,4
1176552000,28800,Denpasar,-8.652497,115.219117,28.6,28.6,28.6,1009.6,,,77,3.1,120,,,0.0,,,,,,,,,,20,801,Clouds,few clouds,02n,2007-04-14 19:00:00,2007,4
1176555600,28800,Denpasar,-8.652497,115.219117,29.0,29.0,29.0,1010.8,,,79,3.6,110,,,,,,,,,,,,,20,801,Clouds,few clouds,02n,2007-04-14 20:00:00,2007,4
1176559200,28800,Denpasar,-8.652497,115.219117,29.0,29.0,29.0,1010.8,,,79,3.6,110,,,,,,,,,,,,,20,801,Clouds,few clouds,02n,2007-04-14 21:00:00,2007,4
1176562800,28800,Denpasar,-8.652497,115.219117,27.97,27.97,27.97,1012.0,,,86,4.85,102,0.13,,,,,,,,,,,,16,500,Rain,light rain,10n,2007-04-14 22:00:00,2007,4
1176566400,28800,Denpasar,-8.652497,115.219117,28.0,28.0,28.0,1010.8,,,88,3.6,100,,,,,,,,,,,,,40,802,Clouds,scattered clouds,03n,2007-04-14 23:00:00,2007,4
1176570000,28800,Denpasar,-8.652497,115.219117,27.8,27.8,27.8,1012.0,,,87,5.41,105,,,,,,,,,,,,,19,801,Clouds,few clouds,02n,2007-04-15 00:00:00,2007,4
1176573600,28800,Denpasar,-8.652497,115.219117,28.2,28.2,28.2,1010.5,,,86,4.1,100,,,,,,,,,,,,,40,802,Clouds,scattered clouds,03n,2007-04-15 01:00:00,2007,4
1176577200,28800,Denpasar,-8.652497,115.219117,28.2,28.2,28.2,1010.5,,,86,4.1,100,,,,,,,,,,,,,40,802,Clouds,scattered clouds,03n,2007-04-15 02:00:00,2007,4
1176580800,28800,Denpasar,-8.652497,115.219117,25.4,25.4,25.4,1010.8,,,93,4.64,97,,,0.0,,,,,,,,,,20,801,Clouds,few clouds,02n,2007-04-15 03:00:00,2007,4
1176584400,28800,Denpasar,-8.652497,115.219117,27.44,27.44,27.44,1011.0,,,87,4.43,98,,,,,,,,,,,,,22,801,Clouds,few clouds,02n,2007-04-15 04:00:00,2007,4
1176588000,28800,Denpasar,-8.652497,115.219117,25.0,25.0,25.0,1010.8,,,100,4.73,100,,,,,,,,,,,,,20,801,Clouds,few clouds,02n,2007-04-15 05:00:00,2007,4
1176591600,28800,Denpasar,-8.652497,115.219117,26.0,26.0,26.0,1010.8,,,94,2.6,50,,,,,,,,,,,,,20,801,Clouds,few clouds,02d,2007-04-15 06:00:00,2007,4
1176595200,28800,Denpasar,-8.652497,115.219117,27.6,27.6,27.6,1011.9,,,81,2.6,60,,,0.0,,,,,,,,,,20,801,Clouds,few clouds,02d,2007-04-15 07:00:00,2007,4
1176598800,28800,Denpasar,-8.652497,115.219117,30.0,30.0,30.0,1011.9,,,79,4.1,70,,,,,,,,,,,,,40,802,Clouds,scattered clouds,03d,2007-04-15 08:00:00,2007,4
1176602400,28800,Denpasar,-8.652497,115.219117,31.0,31.0,31.0,1011.9,,,70,4.1,100,,,,,,,,,,,,,40,802,Clouds,scattered clouds,03d,2007-04-15 09:00:00,2007,4
1176606000,28800,Denpasar,-8.652497,115.219117,30.6,30.6,30.6,1011.9,,,74,4.1,80,,,0.0,,,,,,,,,,40,802,Clouds,scattered clouds,03d,2007-04-15 10:00:00,2007,4
1176609600,28800,Denpasar,-8.652497,115.219117,31.0,31.0,31.0,1010.8,,,74,4.1,120,,,,,,,,,,,,,40,802,Clouds,scattered clouds,03d,2007-04-15 11:00:00,2007,4
1176613200,28800,Denpasar,-8.652497,115.219117,31.0,31.0,31.0,1010.2,,,74,4.1,120,,,,,,,,,,,,,20,801,Clouds,few clouds,02d,2007-04-15 12:00:00,2007,4
1176616800,28800,Denpasar,-8.652497,115.219117,31.1,31.1,31.1,1010.2,,,73,4.1,120,,,0.0,,,,,,,,,,20,801,Clouds,few clouds,02d,2007-04-15 13:00:00,2007,4
1176620400,28800,Denpasar,-8.652497,115.219117,32.0,32.0,32.0,1009.1,,,74,4.6,120,,,,,,,,,,,,,20,801,Clouds,few clouds,02d,2007-04-15 14:00:00,2007,4
1176624000,28800,Denpasar,-8.652497,115.219117,31.0,31.0,31.0,1009.1,,,79,4.1,130,,,,,,,,,,,,,20,801,Clouds,few clouds,02d,2007-04-15 15:00:00,2007,4
1176627600,28800,Denpasar,-8.652497,115.219117,30.4,30.4,30.4,1009.1,,,76,3.6,120,,,0.0,,,,,,,,,,20,801,Clouds,few clouds,02d,2007-04-15 16:00:00,2007,4
1176631200,28800,Denpasar,-8.652497,115.219117,30.0,30.0,30.0,1010.2,,,79,3.6,120,,,,,,,,,,,,,20,801,Clouds,few clouds,02d,2007-04-15 17:00:00,2007,4
1176634800,28800,Denpasar,-8.652497,115.219117,29.0,29.0,29.0,1010.2,,,83,3.6,120,,,,,,,,,,,,,20,801,Clouds,few clouds,02n,2007-04-15 18:00:00,2007,4
1176638400,28800,Denpasar,-8.652497,115.219117,28.8,28.8,28.8,1010.2,,,83,3.6,110,,,0.0,,,,,,,,,,40,802,Clouds,scattered clouds,03n,2007-04-15 19:00:00,2007,4
1176642000,28800,Denpasar,-8.652497,115.219117,29.0,29.0,29.0,1011.9,,,83,2.6,120,,,,,,,,,,,,,40,802,Clouds,scattered clouds,03n,2007-04-15 20:00:00,2007,4
1176645600,28800,Denpasar,-8.652497,115.219117,29.0,29.0,29.0,1011.9,,,89,2.6,120,,,,,,,,,,,,,40,802,Clouds,scattered clouds,03n,2007-04-15 21:00:00,2007,4
1176649200,28800,Denpasar,-8.652497,115.219117,28.4,28.4,28.4,1012.9,,,85,3.1,110,,,0.0,,,,,,,,,,40,802,Clouds,scattered clouds,03n,2007-04-15 22:00:00,2007,4
1176652800,28800,Denpasar,-8.652497,115.219117,28.17,28.17,28.17,1013.0,,,85,5.36,96,,,,,,,,,,,,,26,802,Clouds,scattered clouds,03n,2007-04-15 23:00:00,2007,4
1176656400,28800,Denpasar,-8.652497,115.219117,27.92,27.92,27.92,1013.0,,,86,4.8,94,0.12,,,,,,,,,,,,36,500,Rain,light rain,10n,2007-04-16 00:00:00,2007,4
1176660000,28800,Denpasar,-8.652497,115.219117,28.2,28.2,28.2,1011.9,,,86,4.1,90,,,0.0,,,,,,,,,,20,801,Clouds,few clouds,02n,2007-04-16 01:00:00,2007,4
1176663600,28800,Denpasar,-8.652497,115.219117,28.2,28.2,28.2,1011.9,,,86,4.1,90,,,0.0,,,,,,,,,,20,801,Clouds,few clouds,02n,2007-04-16 02:00:00,2007,4
1176667200,28800,Denpasar,-8.652497,115.219117,27.5,27.5,27.5,1010.5,,,84,3.6,90,,,0.0,,,,,,,,,,20,801,Clouds,few clouds,02n,2007-04-16 03:00:00,2007,4
1176670800,28800,Denpasar,-8.652497,115.219117,27.87,27.87,27.87,1012.0,,,85,3.3,87,,,,,,,,,,,,,43,802,Clouds,scattered clouds,03n,2007-04-16 04:00:00,2007,4
1176674400,28800,Denpasar,-8.652497,115.219117,26.0,26.0,26.0,1011.9,,,94,3.82,86,,,,,,,,,,,,,20,801,Clouds,few clouds,02n,2007-04-16 05:00:00,2007,4
1176678000,28800,Denpasar,-8.652497,115.219117,27.72,27.72,27.72,1012.0,,,85,3.93,88,,,,,,,,,,,,,27,802,Clouds,scattered clouds,03d,2007-04-16 06:00:00,2007,4
1176681600,28800,Denpasar,-8.652497,115.219117,27.87,27.87,27.87,1013.0,,,84,3.91,91,,,,,,,,,,,,,26,802,Clouds,scattered clouds,03d,2007-04-16 07:00:00,2007,4
1176685200,28800,Denpasar,-8.652497,115.219117,30.0,30.0,30.0,1012.9,,,74,2.1,90,,,,,,,,,,,,,20,801,Clouds,few clouds,02d,2007-04-16 08:00:00,2007,4
1176688800,28800,Denpasar,-8.652497,115.219117,30.0,30.0,30.0,1012.9,,,74,3.1,110,,,,,,,,,,,,,20,801,Clouds,few clouds,02d,2007-04-16 09:00:00,2007,4
1176692400,28800,Denpasar,-8.652497,115.219117,30.4,30.4,30.4,1012.9,,,75,3.6,80,,,0.0,,,,,,,,,,20,801,Clouds,few clouds,02d,2007-04-16 10:00:00,2007,4
1176696000,28800,Denpasar,-8.652497,115.219117,31.0,31.0,31.0,1011.9,,,70,3.6,110,,,,,,,,,,,,,20,801,Clouds,few clouds,02d,2007-04-16 11:00:00,2007,4
1176699600,28800,Denpasar,-8.652497,115.219117,31.0,31.0,31.0,1011.9,,,70,3.6,130,,,,,,,,,,,,,20,801,Clouds,few clouds,02d,2007-04-16 12:00:00,2007,4
1176703200,28800,Denpasar,-8.652497,115.219117,31.2,31.2,31.2,1010.8,,,70,4.1,120,,,0.0,,,,,,,,,,20,801,Clouds,few clouds,02d,2007-04-16 13:00:00,2007,4
1176706800,28800,Denpasar,-8.652497,115.219117,32.0,32.0,32.0,1010.2,,,66,3.6,120,,,,,,,,,,,,,20,801,Clouds,few clouds,02d,2007-04-16 14:00:00,2007,4
1176710400,28800,Denpasar,-8.652497,115.219117,32.0,32.0,32.0,1010.2,,,70,3.1,130,,,,,,,,,,,,,20,801,Clouds,few clouds,02d,2007-04-16 15:00:00,2007,4
1176714000,28800,Denpasar,-8.652497,115.219117,30.4,30.4,30.4,1010.2,,,74,3.1,120,,,0.0,,,,,,,,,,20,801,Clouds,few clouds,02d,2007-04-16 16:00:00,2007,4
1176717600,28800,Denpasar,-8.652497,115.219117,30.0,30.0,30.0,1010.2,,,74,2.6,140,,,,,,,,,,,,,40,802,Clouds,scattered clouds,03d,2007-04-16 17:00:00,2007,4
1176721200,28800,Denpasar,-8.652497,115.219117,29.0,29.0,29.0,1010.8,,,83,2.6,130,,,,,,,,,,,,,40,802,Clouds,scattered clouds,03n,2007-04-16 18:00:00,2007,4
1176724800,28800,Denpasar,-8.652497,115.219117,28.4,28.4,28.4,1010.8,,,86,2.1,140,,,0.0,,,,,,,,,,40,802,Clouds,scattered clouds,03n,2007-04-16 19:00:00,2007,4
1176728400,28800,Denpasar,-8.652497,115.219117,28.0,28.0,28.0,1012.9,,,88,2.6,110,,,,,,,,,,,,,40,802,Clouds,scattered clouds,03n,2007-04-16 20:00:00,2007,4
1176732000,28800,Denpasar,-8.652497,115.219117,28.0,28.0,28.0,1012.9,,,88,2.1,150,,,,,,,,,,,,,40,802,Clouds,scattered clouds,03n,2007-04-16 21:00:00,2007,4
1176735600,28800,Denpasar,-8.652497,115.219117,28.4,28.4,28.4,1012.9,,,84,3.1,110,,,0.0,,,,,,,,,,40,802,Clouds,scattered clouds,03n,2007-04-16 22:00:00,2007,4
1176739200,28800,Denpasar,-8.652497,115.219117,28.0,28.0,28.0,1012.9,,,88,2.6,120,,,,,,,,,,,,,40,802,Clouds,scattered clouds,03n,2007-04-16 23:00:00,2007,4
1176742800,28800,Denpasar,-8.652497,115.219117,27.0,27.0,27.0,1012.9,,,83,3.6,120,,,,,,,,,,,,,40,802,Clouds,scattered clouds,03n,2007-04-17 00:00:00,2007,4
1176746400,28800,Denpasar,-8.652497,115.219117,25.8,25.8,25.8,1011.9,,,90,2.1,140,,,,,,,,,,,,,75,803,Clouds,broken clouds,04n,2007-04-17 01:00:00,2007,4
1176750000,28800,Denpasar,-8.652497,115.219117,25.8,25.8,25.8,1011.9,,,90,2.1,140,,,,,,,,,,,,,75,803,Clouds,broken clouds,04n,2007-04-17 02:00:00,2007,4
1176753600,28800,Denpasar,-8.652497,115.219117,26.1,26.1,26.1,1010.8,,,84,1.5,50,,,0.0,,,,,,,,,,40,802,Clouds,scattered clouds,03n,2007-04-17 03:00:00,2007,4
1176757200,28800,Denpasar,-8.652497,115.219117,27.16,27.16,27.16,1011.0,,,88,4.7,103,0.16,,,,,,,,,,,,93,500,Rain,light rain,10n,2007-04-17 04:00:00,2007,4
1176760800,28800,Denpasar,-8.652497,115.219117,25.0,25.0,25.0,1011.9,,,88,5.08,105,,,,,,,,,,,,,40,802,Clouds,scattered clouds,03n,2007-04-17 05:00:00,2007,4
1176764400,28800,Denpasar,-8.652497,115.219117,26.0,26.0,26.0,1011.9,,,88,5.44,106,,,,,,,,,,,,,20,801,Clouds,few clouds,02d,2007-04-17 06:00:00,2007,4
1176768000,28800,Denpasar,-8.652497,115.219117,27.5,27.5,27.5,1012.9,,,82,1.5,70,,,,,0.5,,,,,,,,40,802,Clouds,scattered clouds,03d,2007-04-17 07:00:00,2007,4
1176771600,28800,Denpasar,-8.652497,115.219117,28.0,28.0,28.0,1012.9,,,83,1.5,90,,,,,,,,,,,,,40,802,Clouds,scattered clouds,03d,2007-04-17 08:00:00,2007,4
1176775200,28800,Denpasar,-8.652497,115.219117,31.0,31.0,31.0,1012.9,,,74,2.6,100,,,,,,,,,,,,,40,802,Clouds,scattered clouds,03d,2007-04-17 09:00:00,2007,4
1176778800,28800,Denpasar,-8.652497,115.219117,30.6,30.6,30.6,1011.9,,,74,3.6,90,,,0.0,,,,,,,,,,40,802,Clouds,scattered clouds,03d,2007-04-17 10:00:00,2007,4
1176782400,28800,Denpasar,-8.652497,115.219117,31.0,31.0,31.0,1010.8,,,74,5.1,100,,,,,,,,,,,,,40,802,Clouds,scattered clouds,03d,2007-04-17 11:00:00,2007,4
1176786000,28800,Denpasar,-8.652497,115.219117,31.0,31.0,31.0,1010.2,,,74,4.1,110,,,,,,,,,,,,,20,801,Clouds,few clouds,02d,2007-04-17 12:00:00,2007,4
1176789600,28800,Denpasar,-8.652497,115.219117,31.4,31.4,31.4,1010.2,,,69,4.1,120,,,0.0,,,,,,,,,,20,801,Clouds,few clouds,02d,2007-04-17 13:00:00,2007,4
1176793200,28800,Denpasar,-8.652497,115.219117,32.0,32.0,32.0,1009.1,,,70,4.6,110,,,,,,,,,,,,,40,802,Clouds,scattered clouds,03d,2007-04-17 14:00:00,2007,4
1176796800,28800,Denpasar,-8.652497,115.219117,31.0,31.0,31.0,1009.1,,,79,4.6,110,,,,,,,,,,,,,40,802,Clouds,scattered clouds,03d,2007-04-17 15:00:00,2007,4
1176800400,28800,Denpasar,-8.652497,115.219117,30.2,30.2,30.2,1009.1,,,73,3.6,120,,,0.0,,,,,,,,,,40,802,Clouds,scattered clouds,03d,2007-04-17 16:00:00,2007,4
1176804000,28800,Denpasar,-8.652497,115.219117,30.0,30.0,30.0,1009.1,,,79,3.6,120,,,,,,,,,,,,,40,802,Clouds,scattered clouds,03d,2007-04-17 17:00:00,2007,4
1176807600,28800,Denpasar,-8.652497,115.219117,27.86,27.86,27.86,1010.0,,,85,4.82,103,0.13,,,,,,,,,,,,45,500,Rain,light rain,10n,2007-04-17 18:00:00,2007,4
1176811200,28800,Denpasar,-8.652497,115.219117,27.82,27.82,27.82,1011.0,,,85,4.69,104,0.13,,,,,,,,,,,,35,500,Rain,light rain,10n,2007-04-17 19:00:00,2007,4
1176814800,28800,Denpasar,-8.652497,115.219117,29.0,29.0,29.0,1011.9,,,83,3.1,110,,,,,,,,,,,,,20,801,Clouds,few clouds,02n,2007-04-17 20:00:00,2007,4
1176818400,28800,Denpasar,-8.652497,115.219117,28.0,28.0,28.0,1011.9,,,88,2.6,100,,,,,,,,,,,,,20,801,Clouds,few clouds,02n,2007-04-17 21:00:00,2007,4
1176822000,28800,Denpasar,-8.652497,115.219117,28.1,28.1,28.1,1011.9,,,87,2.6,110,,,0.0,,,,,,,,,,20,801,Clouds,few clouds,02n,2007-04-17 22:00:00,2007,4
1176825600,28800,Denpasar,-8.652497,115.219117,28.0,28.0,28.0,1011.9,,,88,2.6,100,,,,,,,,,,,,,40,802,Clouds,scattered clouds,03n,2007-04-17 23:00:00,2007,4
1176829200,28800,Denpasar,-8.652497,115.219117,28.0,28.0,28.0,1011.9,,,88,2.6,100,,,,,,,,,,,,,40,802,Clouds,scattered clouds,03n,2007-04-18 00:00:00,2007,4
1176832800,28800,Denpasar,-8.652497,115.219117,27.8,27.8,27.8,1010.8,,,88,2.1,100,,,0.0,,,,,,,,,,40,802,Clouds,scattered clouds,03n,2007-04-18 01:00:00,2007,4
1176836400,28800,Denpasar,-8.652497,115.219117,27.8,27.8,27.8,1010.8,,,88,2.1,100,,,0.0,,,,,,,,,,40,802,Clouds,scattered clouds,03n,2007-04-18 02:00:00,2007,4
1176840000,28800,Denpasar,-8.652497,115.219117,27.6,27.6,27.6,1010.2,,,88,2.1,100,,,0.0,,,,,,,,,,40,802,Clouds,scattered clouds,03n,2007-04-18 03:00:00,2007,4
1176843600,28800,Denpasar,-8.652497,115.219117,27.46,27.46,27.46,1010.0,,,87,4.85,91,,,,,,,,,,,,,35,802,Clouds,scattered clouds,03n,2007-04-18 04:00:00,2007,4
1176847200,28800,Denpasar,-8.652497,115.219117,26.0,26.0,26.0,1010.2,,,100,5.14,94,,,,,,,,,,,,,40,802,Clouds,scattered clouds,03n,2007-04-18 05:00:00,2007,4
1176850800,28800,Denpasar,-8.652497,115.219117,27.63,27.63,27.63,1011.0,,,84,5.09,97,,,,,,,,,,,,,60,803,Clouds,broken clouds,04d,2007-04-18 06:00:00,2007,4
1176854400,28800,Denpasar,-8.652497,115.219117,27.77,27.77,27.77,1011.0,,,84,4.92,98,,,,,,,,,,,,,78,803,Clouds,broken clouds,04d,2007-04-18 07:00:00,2007,4
1176858000,28800,Denpasar,-8.652497,115.219117,30.0,30.0,30.0,1011.9,,,79,3.1,100,,,,,,,,,,,,,20,801,Clouds,few clouds,02d,2007-04-18 08:00:00,2007,4
1176861600,28800,Denpasar,-8.652497,115.219117,31.0,31.0,31.0,1011.9,,,74,3.6,80,,,,,,,,,,,,,20,801,Clouds,few clouds,02d,2007-04-18 09:00:00,2007,4
1176865200,28800,Denpasar,-8.652497,115.219117,30.2,30.2,30.2,1011.9,,,76,4.1,100,,,0.0,,,,,,,,,,20,801,Clouds,few clouds,02d,2007-04-18 10:00:00,2007,4
1176868800,28800,Denpasar,-8.652497,115.219117,32.0,32.0,32.0,1010.8,,,70,4.1,90,,,,,,,,,,,,,20,801,Clouds,few clouds,02d,2007-04-18 11:00:00,2007,4
1176872400,28800,Denpasar,-8.652497,115.219117,32.0,32.0,32.0,1010.2,,,70,3.6,110,,,,,,,,,,,,,20,801,Clouds,few clouds,02d,2007-04-18 12:00:00,2007,4
1176876000,28800,Denpasar,-8.652497,115.219117,30.5,30.5,30.5,1009.1,,,75,4.6,110,,,0.0,,,,,,,,,,20,801,Clouds,few clouds,02d,2007-04-18 13:00:00,2007,4
1176879600,28800,Denpasar,-8.652497,115.219117,31.0,31.0,31.0,1009.1,,,74,4.1,110,,,,,,,,,,,,,40,802,Clouds,scattered clouds,03d,2007-04-18 14:00:00,2007,4
1176883200,28800,Denpasar,-8.652497,115.219117,31.0,31.0,31.0,1008.1,,,79,2.6,130,,,,,,,,,,,,,20,801,Clouds,few clouds,02d,2007-04-18 15:00:00,2007,4
1176886800,28800,Denpasar,-8.652497,115.219117,30.0,30.0,30.0,1008.1,,,78,2.1,140,,,0.0,,,,,,,,,,20,801,Clouds,few clouds,02d,2007-04-18 16:00:00,2007,4
1176890400,28800,Denpasar,-8.652497,115.219117,29.0,29.0,29.0,1009.1,,,83,2.6,140,,,,,,,,,,,,,20,801,Clouds,few clouds,02d,2007-04-18 17:00:00,2007,4
1176894000,28800,Denpasar,-8.652497,115.219117,28.0,28.0,28.0,1009.1,,,88,2.1,130,,,,,,,,,,,,,20,801,Clouds,few clouds,02n,2007-04-18 18:00:00,2007,4
1176897600,28800,Denpasar,-8.652497,115.219117,27.8,27.8,27.8,1010.2,,,90,2.1,120,,,0.0,,,,,,,,,,20,801,Clouds,few clouds,02n,2007-04-18 19:00:00,2007,4
1176901200,28800,Denpasar,-8.652497,115.219117,28.0,28.0,28.0,1010.8,,,88,2.1,140,,,,,,,,,,,,,40,802,Clouds,scattered clouds,03n,2007-04-18 20:00:00,2007,4
1176904800,28800,Denpasar,-8.652497,115.219117,28.0,28.0,28.0,1010.8,,,88,1.5,130,,,,,,,,,,,,,40,802,Clouds,scattered clouds,03n,2007-04-18 21:00:00,2007,4
1176908400,28800,Denpasar,-8.652497,115.219117,28.0,28.0,28.0,1010.8,,,87,1.5,120,,,0.0,,,,,,,,,,20,801,Clouds,few clouds,02n,2007-04-18 22:00:00,2007,4
1176912000,28800,Denpasar,-8.652497,115.219117,28.0,28.0,28.0,1010.8,,,88,1.5,110,,,,,,,,,,,,,20,801,Clouds,few clouds,02n,2007-04-18 23:00:00,2007,4
1176915600,28800,Denpasar,-8.652497,115.219117,28.0,28.0,28.0,1010.8,,,88,1.5,120,,,,,,,,,,,,,20,801,Clouds,few clouds,02n,2007-04-19 00:00:00,2007,4
1176919200,28800,Denpasar,-8.652497,115.219117,27.6,27.6,27.6,1010.2,,,88,5.42,103,,,0.0,,,,,,,,,,20,801,Clouds,few clouds,02n,2007-04-19 01:00:00,2007,4
1176922800,28800,Denpasar,-8.652497,115.219117,27.6,27.6,27.6,1010.2,,,88,5.56,103,,,0.0,,,,,,,,,,20,801,Clouds,few clouds,02n,2007-04-19 02:00:00,2007,4
1176926400,28800,Denpasar,-8.652497,115.219117,26.0,26.0,26.0,1009.1,,,92,5.21,102,,,0.0,,,,,,,,,,20,801,Clouds,few clouds,02n,2007-04-19 03:00:00,2007,4
1176930000,28800,Denpasar,-8.652497,115.219117,27.24,27.24,27.24,1009.0,,,86,4.95,102,0.11,,,,,,,,,,,,23,500,Rain,light rain,10n,2007-04-19 04:00:00,2007,4
1176933600,28800,Denpasar,-8.652497,115.219117,25.0,25.0,25.0,1009.1,,,94,5.21,103,,,,,,,,,,,,,20,801,Clouds,few clouds,02n,2007-04-19 05:00:00,2007,4
1176937200,28800,Denpasar,-8.652497,115.219117,26.0,26.0,26.0,1009.1,,,94,5.23,105,,,,,,,,,,,,,20,801,Clouds,few clouds,02d,2007-04-19 06:00:00,2007,4
1176940800,28800,Denpasar,-8.652497,115.219117,28.2,28.2,28.2,1010.2,,,84,1.0,90,,,0.0,,,,,,,,,,20,801,Clouds,few clouds,02d,2007-04-19 07:00:00,2007,4
1176944400,28800,Denpasar,-8.652497,115.219117,29.0,29.0,29.0,1010.2,,,83,2.6,100,,,,,,,,,,,,,40,802,Clouds,scattered clouds,03d,2007-04-19 08:00:00,2007,4
1176948000,28800,Denpasar,-8.652497,115.219117,31.0,31.0,31.0,1010.2,,,74,3.1,90,,,,,,,,,,,,,40,802,Clouds,scattered clouds,03d,2007-04-19 09:00:00,2007,4
1176951600,28800,Denpasar,-8.652497,115.219117,30.0,30.0,30.0,1010.2,,,78,3.6,100,,,0.0,,,,,,,,,,40,802,Clouds,scattered clouds,03d,2007-04-19 10:00:00,2007,4
1176955200,28800,Denpasar,-8.652497,115.219117,31.0,31.0,31.0,1009.1,,,74,3.6,110,,,,,,,,,,,,,20,801,Clouds,few clouds,02d,2007-04-19 11:00:00,2007,4
1176958800,28800,Denpasar,-8.652497,115.219117,31.0,31.0,31.0,1008.1,,,74,3.6,120,,,,,,,,,,,,,20,801,Clouds,few clouds,02d,2007-04-19 12:00:00,2007,4
1176962400,28800,Denpasar,-8.652497,115.219117,30.2,30.2,30.2,1008.1,,,74,3.6,120,,,0.0,,,,,,,,,,20,801,Clouds,few clouds,02d,2007-04-19 13:00:00,2007,4
1176966000,28800,Denpasar,-8.652497,115.219117,31.0,31.0,31.0,1007.1,,,79,3.6,120,,,,,,,,,,,,,20,801,Clouds,few clouds,02d,2007-04-19 14:00:00,2007,4
1176969600,28800,Denpasar,-8.652497,115.219117,31.0,31.0,31.0,1007.1,,,74,3.6,120,,,,,,,,,,,,,20,801,Clouds,few clouds,02d,2007-04-19 15:00:00,2007,4
1176973200,28800,Denpasar,-8.652497,115.219117,30.0,30.0,30.0,1007.1,,,72,3.6,120,,,0.0,,,,,,,,,,20,801,Clouds,few clouds,02d,2007-04-19 16:00:00,2007,4
1176976800,28800,Denpasar,-8.652497,115.219117,29.0,29.0,29.0,1007.1,,,79,3.1,120,,,,,,,,,,,,,40,802,Clouds,scattered clouds,03d,2007-04-19 17:00:00,2007,4
1176980400,28800,Denpasar,-8.652497,115.219117,28.0,28.0,28.0,1008.1,,,88,2.1,130,,,,,,,,,,,,,40,802,Clouds,scattered clouds,03n,2007-04-19 18:00:00,2007,4
1176984000,28800,Denpasar,-8.652497,115.219117,27.5,27.5,27.5,1008.1,,,84,3.1,110,,,0.0,,,,,,,,,,40,802,Clouds,scattered clouds,03n,2007-04-19 19:00:00,2007,4
1176987600,28800,Denpasar,-8.652497,115.219117,28.0,28.0,28.0,1009.1,,,88,2.1,110,,,,,,,,,,,,,40,802,Clouds,scattered clouds,03n,2007-04-19 20:00:00,2007,4
1176991200,28800,Denpasar,-8.652497,115.219117,28.0,28.0,28.0,1010.2,,,88,3.6,90,,,,,,,,,,,,,75,803,Clouds,broken clouds,04n,2007-04-19 21:00:00,2007,4
1176994800,28800,Denpasar,-8.652497,115.219117,27.7,27.7,27.7,1010.2,,,83,3.1,100,,,0.0,,,,,,,,,,20,801,Clouds,few clouds,02n,2007-04-19 22:00:00,2007,4
1176998400,28800,Denpasar,-8.652497,115.219117,28.0,28.0,28.0,1010.2,,,88,3.1,80,,,,,,,,,,,,,40,802,Clouds,scattered clouds,03n,2007-04-19 23:00:00,2007,4
1177002000,28800,Denpasar,-8.652497,115.219117,27.85,27.85,27.85,1009.0,,,83,5.73,104,,,,,,,,,,,,,16,801,Clouds,few clouds,02n,2007-04-20 00:00:00,2007,4
1177005600,28800,Denpasar,-8.652497,115.219117,27.3,27.3,27.3,1008.2,,,84,2.6,90,,,0.0,,,,,,,,,,13,801,Clouds,few clouds,02n,2007-04-20 01:00:00,2007,4
1177009200,28800,Denpasar,-8.652497,115.219117,27.3,27.3,27.3,1008.2,,,84,2.6,90,,,0.0,,,,,,,,,,12,801,Clouds,few clouds,02n,2007-04-20 02:00:00,2007,4
1177012800,28800,Denpasar,-8.652497,115.219117,25.4,25.4,25.4,1008.1,,,88,1.0,40,,,0.0,,,,,,,,,,20,801,Clouds,few clouds,02n,2007-04-20 03:00:00,2007,4
1177016400,28800,Denpasar,-8.652497,115.219117,27.48,27.48,27.48,1008.0,,,84,5.69,101,,,,,,,,,,,,,20,801,Clouds,few clouds,02n,2007-04-20 04:00:00,2007,4
1177020000,28800,Denpasar,-8.652497,115.219117,24.0,24.0,24.0,1009.1,,,94,1.0,80,,,,,,,,,,,,,20,801,Clouds,few clouds,02n,2007-04-20 05:00:00,2007,4
1177023600,28800,Denpasar,-8.652497,115.219117,24.0,24.0,24.0,1009.1,,,94,5.91,97,,,,,,,,,,,,,20,801,Clouds,few clouds,02d,2007-04-20 06:00:00,2007,4
1177027200,28800,Denpasar,-8.652497,115.219117,26.7,26.7,26.7,1010.2,,,81,1.0,80,,,0.0,,,,,,,,,,20,801,Clouds,few clouds,02d,2007-04-20 07:00:00,2007,4
1177030800,28800,Denpasar,-8.652497,115.219117,29.0,29.0,29.0,1010.2,,,74,1.5,80,,,,,,,,,,,,,40,802,Clouds,scattered clouds,03d,2007-04-20 08:00:00,2007,4
1177034400,28800,Denpasar,-8.652497,115.219117,30.0,30.0,30.0,1010.2,,,74,3.6,100,,,,,,,,,,,,,40,802,Clouds,scattered clouds,03d,2007-04-20 09:00:00,2007,4
1177038000,28800,Denpasar,-8.652497,115.219117,30.0,30.0,30.0,1010.2,,,63,4.6,80,,,0.0,,,,,,,,,,20,801,Clouds,few clouds,02d,2007-04-20 10:00:00,2007,4
1177041600,28800,Denpasar,-8.652497,115.219117,31.0,31.0,31.0,1010.2,,,58,4.6,100,,,,,,,,,,,,,20,801,Clouds,few clouds,02d,2007-04-20 11:00:00,2007,4
1177045200,28800,Denpasar,-8.652497,115.219117,31.0,31.0,31.0,1009.1,,,58,5.1,90,,,,,,,,,,,,,20,801,Clouds,few clouds,02d,2007-04-20 12:00:00,2007,4
1177048800,28800,Denpasar,-8.652497,115.219117,30.0,30.0,30.0,1009.1,,,61,4.1,90,,,0.0,,,,,,,,,,20,801,Clouds,few clouds,02d,2007-04-20 13:00:00,2007,4
1177052400,28800,Denpasar,-8.652497,115.219117,31.0,31.0,31.0,1008.1,,,62,3.6,100,,,,,,,,,,,,,20,801,Clouds,few clouds,02d,2007-04-20 14:00:00,2007,4
1177056000,28800,Denpasar,-8.652497,115.219117,30.0,30.0,30.0,1008.1,,,66,4.1,120,,,,,,,,,,,,,20,801,Clouds,few clouds,02d,2007-04-20 15:00:00,2007,4
1177059600,28800,Denpasar,-8.652497,115.219117,29.2,29.2,29.2,1008.1,,,63,4.1,120,,,0.0,,,,,,,,,,20,801,Clouds,few clouds,02d,2007-04-20 16:00:00,2007,4
1177063200,28800,Denpasar,-8.652497,115.219117,28.0,28.0,28.0,1008.1,,,74,3.6,120,,,,,,,,,,,,,20,801,Clouds,few clouds,02d,2007-04-20 17:00:00,2007,4
1177066800,28800,Denpasar,-8.652497,115.219117,27.0,27.0,27.0,1009.1,,,83,3.6,110,,,,,,,,,,,,,20,801,Clouds,few clouds,02n,2007-04-20 18:00:00,2007,4
1177070400,28800,Denpasar,-8.652497,115.219117,27.1,27.1,27.1,1010.2,,,85,3.6,110,,,0.0,,,,,,,,,,20,801,Clouds,few clouds,02n,2007-04-20 19:00:00,2007,4
1177074000,28800,Denpasar,-8.652497,115.219117,27.0,27.0,27.0,1010.2,,,83,4.1,100,,,,,,,,,,,,,20,801,Clouds,few clouds,02n,2007-04-20 20:00:00,2007,4
1177077600,28800,Denpasar,-8.652497,115.219117,27.0,27.0,27.0,1010.2,,,83,4.1,100,,,,,,,,,,,,,20,801,Clouds,few clouds,02n,2007-04-20 21:00:00,2007,4
1177081200,28800,Denpasar,-8.652497,115.219117,27.5,27.5,27.5,1010.2,,,83,3.1,100,,,0.0,,,,,,,,,,20,801,Clouds,few clouds,02n,2007-04-20 22:00:00,2007,4
1177084800,28800,Denpasar,-8.652497,115.219117,27.0,27.0,27.0,1010.2,,,83,2.1,70,,,,,,,,,,,,,20,801,Clouds,few clouds,02n,2007-04-20 23:00:00,2007,4
1177088400,28800,Denpasar,-8.652497,115.219117,27.7,27.7,27.7,1011.0,,,77,4.91,94,,,,,,,,,,,,,24,801,Clouds,few clouds,02n,2007-04-21 00:00:00,2007,4
1177092000,28800,Denpasar,-8.652497,115.219117,24.6,24.6,24.6,1009.4,,,89,4.74,90,,,0.0,,,,,,,,,,9,800,Clear,sky is clear,01n,2007-04-21 01:00:00,2007,4
1177095600,28800,Denpasar,-8.652497,115.219117,24.6,24.6,24.6,1009.4,,,89,4.53,89,,,0.0,,,,,,,,,,3,800,Clear,sky is clear,01n,2007-04-21 02:00:00,2007,4
1177099200,28800,Denpasar,-8.652497,115.219117,24.2,24.2,24.2,1009.4,,,88,4.27,90,,,0.0,,,,,,,,,,34,802,Clouds,scattered clouds,03n,2007-04-21 03:00:00,2007,4
1177102800,28800,Denpasar,-8.652497,115.219117,27.21,27.21,27.21,1010.0,,,81,4.38,93,,,,,,,,,,,,,58,803,Clouds,broken clouds,04n,2007-04-21 04:00:00,2007,4
1177106400,28800,Denpasar,-8.652497,115.219117,24.0,24.0,24.0,1010.8,,,88,4.33,87,,,,,,,,,,,,,20,801,Clouds,few clouds,02n,2007-04-21 05:00:00,2007,4
1177110000,28800,Denpasar,-8.652497,115.219117,24.0,24.0,24.0,1010.8,,,88,4.98,88,,,,,,,,,,,,,20,801,Clouds,few clouds,02d,2007-04-21 06:00:00,2007,4
1177113600,28800,Denpasar,-8.652497,115.219117,26.2,26.2,26.2,1010.8,,,81,5.41,92,,,0.0,,,,,,,,,,20,801,Clouds,few clouds,02d,2007-04-21 07:00:00,2007,4
1177117200,28800,Denpasar,-8.652497,115.219117,29.0,29.0,29.0,1011.9,,,79,2.1,80,,,,,,,,,,,,,20,801,Clouds,few clouds,02d,2007-04-21 08:00:00,2007,4
1177120800,28800,Denpasar,-8.652497,115.219117,30.0,30.0,30.0,1011.9,,,74,2.6,100,,,,,,,,,,,,,20,801,Clouds,few clouds,02d,2007-04-21 09:00:00,2007,4
1177124400,28800,Denpasar,-8.652497,115.219117,29.8,29.8,29.8,1011.9,,,69,4.1,110,,,0.0,,,,,,,,,,20,801,Clouds,few clouds,02d,2007-04-21 10:00:00,2007,4
1177128000,28800,Denpasar,-8.652497,115.219117,31.0,31.0,31.0,1010.8,,,70,5.1,110,,,,,,,,,,,,,20,801,Clouds,few clouds,02d,2007-04-21 11:00:00,2007,4
1177131600,28800,Denpasar,-8.652497,115.219117,31.0,31.0,31.0,1010.2,,,70,4.1,110,,,,,,,,,,,,,20,801,Clouds,few clouds,02d,2007-04-21 12:00:00,2007,4
1177135200,28800,Denpasar,-8.652497,115.219117,30.4,30.4,30.4,1009.1,,,70,5.1,110,,,0.0,,,,,,,,,,20,801,Clouds,few clouds,02d,2007-04-21 13:00:00,2007,4
1177138800,28800,Denpasar,-8.652497,115.219117,31.0,31.0,31.0,1009.1,,,74,5.1,110,,,,,,,,,,,,,20,801,Clouds,few clouds,02d,2007-04-21 14:00:00,2007,4
1177142400,28800,Denpasar,-8.652497,115.219117,30.0,30.0,30.0,1008.1,,,74,4.1,120,,,,,,,,,,,,,40,802,Clouds,scattered clouds,03d,2007-04-21 15:00:00,2007,4
1177146000,28800,Denpasar,-8.652497,115.219117,29.0,29.0,29.0,1009.1,,,74,4.1,120,,,0.0,,,,,,,,,,75,803,Clouds,broken clouds,04d,2007-04-21 16:00:00,2007,4
1177149600,28800,Denpasar,-8.652497,115.219117,28.0,28.0,28.0,1010.2,,,88,3.6,110,,,,,,,,,,,,,75,803,Clouds,broken clouds,04d,2007-04-21 17:00:00,2007,4
1177153200,28800,Denpasar,-8.652497,115.219117,28.0,28.0,28.0,1010.2,,,88,3.1,110,,,,,,,,,,,,,75,803,Clouds,broken clouds,04n,2007-04-21 18:00:00,2007,4
1177156800,28800,Denpasar,-8.652497,115.219117,27.6,27.6,27.6,1010.2,,,84,3.1,110,,,0.0,,,,,,,,,,20,801,Clouds,few clouds,02n,2007-04-21 19:00:00,2007,4
1177160400,28800,Denpasar,-8.652497,115.219117,28.0,28.0,28.0,1010.8,,,88,3.1,110,,,,,,,,,,,,,20,801,Clouds,few clouds,02n,2007-04-21 20:00:00,2007,4
1177164000,28800,Denpasar,-8.652497,115.219117,27.0,27.0,27.0,1010.8,,,94,2.1,110,,,,,,,,,,,,,20,801,Clouds,few clouds,02n,2007-04-21 21:00:00,2007,4
1177167600,28800,Denpasar,-8.652497,115.219117,27.6,27.6,27.6,1010.8,,,87,3.1,120,,,0.0,,,,,,,,,,20,801,Clouds,few clouds,02n,2007-04-21 22:00:00,2007,4
1177171200,28800,Denpasar,-8.652497,115.219117,28.0,28.0,28.0,1010.8,,,88,2.6,120,,,,,,,,,,,,,20,801,Clouds,few clouds,02n,2007-04-21 23:00:00,2007,4
1177174800,28800,Denpasar,-8.652497,115.219117,28.0,28.0,28.0,1010.2,,,88,3.1,110,,,,,,,,,,,,,20,801,Clouds,few clouds,02n,2007-04-22 00:00:00,2007,4
1177178400,28800,Denpasar,-8.652497,115.219117,27.6,27.6,27.6,1010.2,,,88,2.6,110,,,0.0,,,,,,,,,,20,801,Clouds,few clouds,02n,2007-04-22 01:00:00,2007,4
1177182000,28800,Denpasar,-8.652497,115.219117,27.6,27.6,27.6,1010.2,,,88,2.6,110,,,0.0,,,,,,,,,,20,801,Clouds,few clouds,02n,2007-04-22 02:00:00,2007,4
1177185600,28800,Denpasar,-8.652497,115.219117,27.0,27.0,27.0,1010.2,,,92,2.6,110,,,0.0,,,,,,,,,,20,801,Clouds,few clouds,02n,2007-04-22 03:00:00,2007,4
1177189200,28800,Denpasar,-8.652497,115.219117,27.0,27.0,27.0,1010.2,,,92,2.6,110,,,0.0,,,,,,,,,,20,801,Clouds,few clouds,02n,2007-04-22 04:00:00,2007,4
1177192800,28800,Denpasar,-8.652497,115.219117,27.25,27.25,27.25,1010.0,,,89,5.89,101,,,,,,,,,,,,,89,804,Clouds,overcast clouds,04n,2007-04-22 05:00:00,2007,4
1177196400,28800,Denpasar,-8.652497,115.219117,27.36,27.36,27.36,1011.0,,,88,6.08,103,,,,,,,,,,,,,70,803,Clouds,broken clouds,04d,2007-04-22 06:00:00,2007,4
1177200000,28800,Denpasar,-8.652497,115.219117,28.4,28.4,28.4,1010.8,,,84,3.1,90,,,0.0,,,,,,,,,,20,801,Clouds,few clouds,02d,2007-04-22 07:00:00,2007,4
1177203600,28800,Denpasar,-8.652497,115.219117,30.0,30.0,30.0,1011.9,,,74,3.6,100,,,,,,,,,,,,,20,801,Clouds,few clouds,02d,2007-04-22 08:00:00,2007,4
1177207200,28800,Denpasar,-8.652497,115.219117,30.0,30.0,30.0,1011.9,,,74,5.1,100,,,,,,,,,,,,,20,801,Clouds,few clouds,02d,2007-04-22 09:00:00,2007,4
1177210800,28800,Denpasar,-8.652497,115.219117,30.2,30.2,30.2,1010.8,,,76,4.1,110,,,0.0,,,,,,,,,,20,801,Clouds,few clouds,02d,2007-04-22 10:00:00,2007,4
1177214400,28800,Denpasar,-8.652497,115.219117,31.0,31.0,31.0,1010.8,,,70,5.1,110,,,,,,,,,,,,,20,801,Clouds,few clouds,02d,2007-04-22 11:00:00,2007,4
1177218000,28800,Denpasar,-8.652497,115.219117,31.0,31.0,31.0,1010.2,,,74,4.1,120,,,,,,,,,,,,,20,801,Clouds,few clouds,02d,2007-04-22 12:00:00,2007,4
1177221600,28800,Denpasar,-8.652497,115.219117,30.4,30.4,30.4,1009.1,,,73,5.1,110,,,0.0,,,,,,,,,,20,801,Clouds,few clouds,02d,2007-04-22 13:00:00,2007,4
1177225200,28800,Denpasar,-8.652497,115.219117,30.0,30.0,30.0,1008.1,,,74,4.6,120,,,,,,,,,,,,,20,801,Clouds,few clouds,02d,2007-04-22 14:00:00,2007,4
1177228800,28800,Denpasar,-8.652497,115.219117,30.0,30.0,30.0,1008.1,,,74,4.6,110,,,,,,,,,,,,,20,801,Clouds,few clouds,02d,2007-04-22 15:00:00,2007,4
1177232400,28800,Denpasar,-8.652497,115.219117,28.9,28.9,28.9,1008.1,,,80,4.6,110,,,0.0,,,,,,,,,,20,801,Clouds,few clouds,02d,2007-04-22 16:00:00,2007,4
1177236000,28800,Denpasar,-8.652497,115.219117,28.0,28.0,28.0,1008.1,,,88,4.1,110,,,,,,,,,,,,,40,802,Clouds,scattered clouds,03d,2007-04-22 17:00:00,2007,4
1177239600,28800,Denpasar,-8.652497,115.219117,27.81,27.81,27.81,1009.0,,,86,6.36,114,0.27,,,,,,,,,,,,85,500,Rain,light rain,10n,2007-04-22 18:00:00,2007,4
1177243200,28800,Denpasar,-8.652497,115.219117,27.73,27.73,27.73,1010.0,,,85,5.81,106,0.31,,,,,,,,,,,,82,500,Rain,light rain,10n,2007-04-22 19:00:00,2007,4
1177246800,28800,Denpasar,-8.652497,115.219117,28.0,28.0,28.0,1010.8,,,83,2.6,120,,,,,,,,,,,,,20,801,Clouds,few clouds,02n,2007-04-22 20:00:00,2007,4
1177250400,28800,Denpasar,-8.652497,115.219117,28.0,28.0,28.0,1010.8,,,83,3.1,120,,,,,,,,,,,,,40,802,Clouds,scattered clouds,03n,2007-04-22 21:00:00,2007,4
1177254000,28800,Denpasar,-8.652497,115.219117,27.8,27.8,27.8,1010.8,,,86,3.1,110,,,0.0,,,,,,,,,,40,802,Clouds,scattered clouds,03n,2007-04-22 22:00:00,2007,4
1177257600,28800,Denpasar,-8.652497,115.219117,27.01,27.01,27.01,1011.0,,,89,5.83,102,0.25,,,,,,,,,,,,62,500,Rain,light rain,10n,2007-04-22 23:00:00,2007,4
1177261200,28800,Denpasar,-8.652497,115.219117,26.81,26.81,26.81,1010.0,,,90,5.93,105,0.28,,,,,,,,,,,,74,500,Rain,light rain,10n,2007-04-23 00:00:00,2007,4
1177264800,28800,Denpasar,-8.652497,115.219117,27.6,27.6,27.6,1009.1,,,87,4.6,120,,,0.0,,,,,,,,,,40,802,Clouds,scattered clouds,03n,2007-04-23 01:00:00,2007,4
1177268400,28800,Denpasar,-8.652497,115.219117,27.6,27.6,27.6,1009.1,,,87,4.6,120,,,0.0,,,,,,,,,,40,802,Clouds,scattered clouds,03n,2007-04-23 02:00:00,2007,4
1177272000,28800,Denpasar,-8.652497,115.219117,27.4,27.4,27.4,1009.1,,,83,4.1,100,,,0.0,,,,,,,,,,20,801,Clouds,few clouds,02n,2007-04-23 03:00:00,2007,4
1177275600,28800,Denpasar,-8.652497,115.219117,27.4,27.4,27.4,1009.1,,,83,4.1,100,,,0.0,,,,,,,,,,20,801,Clouds,few clouds,02n,2007-04-23 04:00:00,2007,4
1177279200,28800,Denpasar,-8.652497,115.219117,26.52,26.52,26.52,1011.0,,,88,6.71,103,0.35,,,,,,,,,,,,94,500,Rain,light rain,10n,2007-04-23 05:00:00,2007,4
1177282800,28800,Denpasar,-8.652497,115.219117,26.68,26.68,26.68,1011.0,,,88,6.91,104,0.26,,,,,,,,,,,,95,500,Rain,light rain,10d,2007-04-23 06:00:00,2007,4
1177286400,28800,Denpasar,-8.652497,115.219117,28.0,28.0,28.0,1010.8,,,83,3.6,120,,,0.0,,,,,,,,,,40,802,Clouds,scattered clouds,03d,2007-04-23 07:00:00,2007,4
1177290000,28800,Denpasar,-8.652497,115.219117,30.0,30.0,30.0,1011.9,,,74,4.1,110,,,,,,,,,,,,,40,802,Clouds,scattered clouds,03d,2007-04-23 08:00:00,2007,4
1177293600,28800,Denpasar,-8.652497,115.219117,30.0,30.0,30.0,1011.9,,,74,4.1,110,,,,,,,,,,,,,40,802,Clouds,scattered clouds,03d,2007-04-23 09:00:00,2007,4
1177297200,28800,Denpasar,-8.652497,115.219117,30.2,30.2,30.2,1011.9,,,70,5.1,110,,,0.0,,,,,,,,,,40,802,Clouds,scattered clouds,03d,2007-04-23 10:00:00,2007,4
1177300800,28800,Denpasar,-8.652497,115.219117,31.0,31.0,31.0,1010.8,,,70,5.1,110,,,,,,,,,,,,,20,801,Clouds,few clouds,02d,2007-04-23 11:00:00,2007,4
1177304400,28800,Denpasar,-8.652497,115.219117,31.0,31.0,31.0,1010.2,,,70,5.1,100,,,,,,,,,,,,,40,802,Clouds,scattered clouds,03d,2007-04-23 12:00:00,2007,4
1177308000,28800,Denpasar,-8.652497,115.219117,30.6,30.6,30.6,1008.6,,,69,5.1,110,,,0.0,,,,,,,,,,20,801,Clouds,few clouds,02d,2007-04-23 13:00:00,2007,4
1177311600,28800,Denpasar,-8.652497,115.219117,31.0,31.0,31.0,1008.1,,,70,5.1,110,,,,,,,,,,,,,40,802,Clouds,scattered clouds,03d,2007-04-23 14:00:00,2007,4
1177315200,28800,Denpasar,-8.652497,115.219117,31.0,31.0,31.0,1008.1,,,70,3.6,120,,,,,,,,,,,,,40,802,Clouds,scattered clouds,03d,2007-04-23 15:00:00,2007,4
1177318800,28800,Denpasar,-8.652497,115.219117,29.2,29.2,29.2,1009.1,,,74,3.1,120,,,0.0,,,,,,,,,,40,802,Clouds,scattered clouds,03d,2007-04-23 16:00:00,2007,4
1177322400,28800,Denpasar,-8.652497,115.219117,27.78,27.78,27.78,1009.0,,,79,5.8,130,,,,,,,,,,,,,95,804,Clouds,overcast clouds,04d,2007-04-23 17:00:00,2007,4
1177326000,28800,Denpasar,-8.652497,115.219117,27.77,27.77,27.77,1010.0,,,79,5.9,127,,,,,,,,,,,,,99,804,Clouds,overcast clouds,04n,2007-04-23 18:00:00,2007,4
1177329600,28800,Denpasar,-8.652497,115.219117,28.0,28.0,28.0,1010.2,,,81,3.1,100,,,0.0,,,,,,,,,,40,802,Clouds,scattered clouds,03n,2007-04-23 19:00:00,2007,4
1177333200,28800,Denpasar,-8.652497,115.219117,28.0,28.0,28.0,1010.8,,,78,2.6,110,,,,,,,,,,,,,20,801,Clouds,few clouds,02n,2007-04-23 20:00:00,2007,4
1177336800,28800,Denpasar,-8.652497,115.219117,28.0,28.0,28.0,1010.8,,,78,3.1,120,,,,,,,,,,,,,20,801,Clouds,few clouds,02n,2007-04-23 21:00:00,2007,4
1177340400,28800,Denpasar,-8.652497,115.219117,27.7,27.7,27.7,1010.8,,,81,3.6,110,,,0.0,,,,,,,,,,20,801,Clouds,few clouds,02n,2007-04-23 22:00:00,2007,4
1177344000,28800,Denpasar,-8.652497,115.219117,27.0,27.0,27.0,1010.8,,,88,2.6,100,,,,,,,,,,,,,40,802,Clouds,scattered clouds,03n,2007-04-23 23:00:00,2007,4
1177347600,28800,Denpasar,-8.652497,115.219117,27.0,27.0,27.0,1010.2,,,83,3.1,110,,,,,,,,,,,,,40,802,Clouds,scattered clouds,03n,2007-04-24 00:00:00,2007,4
1177351200,28800,Denpasar,-8.652497,115.219117,27.2,27.2,27.2,1010.2,,,84,2.6,110,,2.0,2.0,,,,,,,,,,40,500,Rain,light rain,10n,2007-04-24 01:00:00,2007,4
1177354800,28800,Denpasar,-8.652497,115.219117,27.2,27.2,27.2,1010.2,,,84,2.6,110,,2.0,2.0,,,,,,,,,,40,500,Rain,light rain,10n,2007-04-24 02:00:00,2007,4
1177358400,28800,Denpasar,-8.652497,115.219117,26.0,26.0,26.0,1009.1,,,94,1.0,50,,,,,,,,,,,,,40,802,Clouds,scattered clouds,03n,2007-04-24 03:00:00,2007,4
1177362000,28800,Denpasar,-8.652497,115.219117,27.41,27.41,27.41,1010.0,,,77,5.2,107,,,,,,,,,,,,,95,804,Clouds,overcast clouds,04n,2007-04-24 04:00:00,2007,4
1177365600,28800,Denpasar,-8.652497,115.219117,26.0,26.0,26.0,1009.1,,,94,2.1,70,,,,,,,,,,,,,40,802,Clouds,scattered clouds,03n,2007-04-24 05:00:00,2007,4
1177369200,28800,Denpasar,-8.652497,115.219117,27.0,27.0,27.0,1010.2,,,94,3.1,100,,,,,,,,,,,,,40,802,Clouds,scattered clouds,03d,2007-04-24 06:00:00,2007,4
1177372800,28800,Denpasar,-8.652497,115.219117,27.4,27.4,27.4,1010.8,,,85,1.0,20,,,,,3.0,,,,,,,,40,802,Clouds,scattered clouds,03d,2007-04-24 07:00:00,2007,4
1177376400,28800,Denpasar,-8.652497,115.219117,30.0,30.0,30.0,1010.8,,,79,3.1,110,,,,,,,,,,,,,40,802,Clouds,scattered clouds,03d,2007-04-24 08:00:00,2007,4
1177380000,28800,Denpasar,-8.652497,115.219117,30.0,30.0,30.0,1010.8,,,79,3.6,110,,,,,,,,,,,,,40,802,Clouds,scattered clouds,03d,2007-04-24 09:00:00,2007,4
1177383600,28800,Denpasar,-8.652497,115.219117,28.0,28.0,28.0,1010.8,,,84,1.0,30,,,0.0,,,,,,,,,,40,802,Clouds,scattered clouds,03d,2007-04-24 10:00:00,2007,4
1177387200,28800,Denpasar,-8.652497,115.219117,30.0,30.0,30.0,1010.2,,,74,2.6,90,,,,,,,,,,,,,40,802,Clouds,scattered clouds,03d,2007-04-24 11:00:00,2007,4
1177390800,28800,Denpasar,-8.652497,115.219117,31.0,31.0,31.0,1009.1,,,74,3.6,120,,,,,,,,,,,,,40,802,Clouds,scattered clouds,03d,2007-04-24 12:00:00,2007,4
1177394400,28800,Denpasar,-8.652497,115.219117,30.4,30.4,30.4,1008.1,,,74,3.6,120,,,0.0,,,,,,,,,,40,802,Clouds,scattered clouds,03d,2007-04-24 13:00:00,2007,4
1177398000,28800,Denpasar,-8.652497,115.219117,31.0,31.0,31.0,1008.1,,,74,3.1,130,,,,,,,,,,,,,40,802,Clouds,scattered clouds,03d,2007-04-24 14:00:00,2007,4
1177401600,28800,Denpasar,-8.652497,115.219117,30.0,30.0,30.0,1008.1,,,79,3.1,140,,,,,,,,,,,,,40,802,Clouds,scattered clouds,03d,2007-04-24 15:00:00,2007,4
1177405200,28800,Denpasar,-8.652497,115.219117,29.6,29.6,29.6,1008.1,,,78,2.1,130,,,0.0,,,,,,,,,,75,803,Clouds,broken clouds,04d,2007-04-24 16:00:00,2007,4
1177408800,28800,Denpasar,-8.652497,115.219117,29.6,29.6,29.6,1008.1,,,78,2.1,130,,,0.0,,,,,,,,,,75,803,Clouds,broken clouds,04d,2007-04-24 17:00:00,2007,4
1177412400,28800,Denpasar,-8.652497,115.219117,24.4,24.4,24.4,1010.2,,,91,1.0,190,,3.0,3.0,,,,,,,,,,75,500,Rain,light rain,10n,2007-04-24 18:00:00,2007,4
1177416000,28800,Denpasar,-8.652497,115.219117,26.27,26.27,26.27,1010.0,,,88,2.42,94,0.23,,,,,,,,,,,,98,500,Rain,light rain,10n,2007-04-24 19:00:00,2007,4
1177419600,28800,Denpasar,-8.652497,115.219117,24.0,24.0,24.0,1010.2,,,100,1.5,120,,,,,,,,,,,,,40,802,Clouds,scattered clouds,03n,2007-04-24 20:00:00,2007,4
1177423200,28800,Denpasar,-8.652497,115.219117,26.0,26.0,26.0,1010.2,,,83,3.1,140,,,,,,,,,,,,,40,802,Clouds,scattered clouds,03n,2007-04-24 21:00:00,2007,4
1177426800,28800,Denpasar,-8.652497,115.219117,25.3,25.3,25.3,1010.2,,,91,2.1,110,,,0.0,,,,,,,,,,40,802,Clouds,scattered clouds,03n,2007-04-24 22:00:00,2007,4
1177430400,28800,Denpasar,-8.652497,115.219117,27.0,27.0,27.0,1010.2,,,94,1.5,100,,,,,,,,,,,,,40,802,Clouds,scattered clouds,03n,2007-04-24 23:00:00,2007,4
1177434000,28800,Denpasar,-8.652497,115.219117,26.0,26.0,26.0,1009.1,,,100,2.6,50,,,,,,,,,,,,,40,802,Clouds,scattered clouds,03n,2007-04-25 00:00:00,2007,4
1177437600,28800,Denpasar,-8.652497,115.219117,27.4,27.4,27.4,1008.0,,,88,3.6,100,,,0.0,,,,,,,,,,40,802,Clouds,scattered clouds,03n,2007-04-25 01:00:00,2007,4
1177441200,28800,Denpasar,-8.652497,115.219117,27.4,27.4,27.4,1008.0,,,88,3.6,100,,,0.0,,,,,,,,,,40,802,Clouds,scattered clouds,03n,2007-04-25 02:00:00,2007,4
1177444800,28800,Denpasar,-8.652497,115.219117,25.8,25.8,25.8,1009.1,,,93,3.86,103,,,0.0,,,,,,,,,,40,802,Clouds,scattered clouds,03n,2007-04-25 03:00:00,2007,4
1177448400,28800,Denpasar,-8.652497,115.219117,26.17,26.17,26.17,1010.0,,,89,3.59,91,0.28,,,,,,,,,,,,100,500,Rain,light rain,10n,2007-04-25 04:00:00,2007,4
1177452000,28800,Denpasar,-8.652497,115.219117,26.0,26.0,26.0,1009.1,,,88,3.39,85,,,,,,,,,,,,,40,802,Clouds,scattered clouds,03n,2007-04-25 05:00:00,2007,4
1177455600,28800,Denpasar,-8.652497,115.219117,25.0,25.0,25.0,1010.2,,,94,3.17,89,,,,,,,,,,,,,40,802,Clouds,scattered clouds,03d,2007-04-25 06:00:00,2007,4
1177459200,28800,Denpasar,-8.652497,115.219117,27.0,27.0,27.0,1010.2,,,85,1.5,50,,,3.0,,,,,,,,,,40,802,Clouds,scattered clouds,03d,2007-04-25 07:00:00,2007,4
1177462800,28800,Denpasar,-8.652497,115.219117,29.0,29.0,29.0,1010.8,,,83,1.5,60,,,,,,,,,,,,,20,801,Clouds,few clouds,02d,2007-04-25 08:00:00,2007,4
1177466400,28800,Denpasar,-8.652497,115.219117,30.0,30.0,30.0,1010.8,,,79,3.6,80,,,,,,,,,,,,,40,802,Clouds,scattered clouds,03d,2007-04-25 09:00:00,2007,4
1177470000,28800,Denpasar,-8.652497,115.219117,30.2,30.2,30.2,1010.2,,,74,4.1,100,,,0.0,,,,,,,,,,20,801,Clouds,few clouds,02d,2007-04-25 10:00:00,2007,4
1177473600,28800,Denpasar,-8.652497,115.219117,31.0,31.0,31.0,1010.2,,,74,4.1,120,,,,,,,,,,,,,20,801,Clouds,few clouds,02d,2007-04-25 11:00:00,2007,4
1177477200,28800,Denpasar,-8.652497,115.219117,31.0,31.0,31.0,1009.1,,,74,4.1,120,,,,,,,,,,,,,20,801,Clouds,few clouds,02d,2007-04-25 12:00:00,2007,4
1177480800,28800,Denpasar,-8.652497,115.219117,30.2,30.2,30.2,1008.1,,,71,4.6,120,,,0.0,,,,,,,,,,20,801,Clouds,few clouds,02d,2007-04-25 13:00:00,2007,4
1177484400,28800,Denpasar,-8.652497,115.219117,30.0,30.0,30.0,1007.1,,,74,4.6,120,,,,,,,,,,,,,20,801,Clouds,few clouds,02d,2007-04-25 14:00:00,2007,4
1177488000,28800,Denpasar,-8.652497,115.219117,30.0,30.0,30.0,1007.1,,,74,5.1,120,,,,,,,,,,,,,20,801,Clouds,few clouds,02d,2007-04-25 15:00:00,2007,4
1177491600,28800,Denpasar,-8.652497,115.219117,29.4,29.4,29.4,1007.1,,,78,4.6,130,,,0.0,,,,,,,,,,20,801,Clouds,few clouds,02d,2007-04-25 16:00:00,2007,4
1177495200,28800,Denpasar,-8.652497,115.219117,29.0,29.0,29.0,1008.1,,,79,5.1,120,,,,,,,,,,,,,20,801,Clouds,few clouds,02d,2007-04-25 17:00:00,2007,4
1177498800,28800,Denpasar,-8.652497,115.219117,29.0,29.0,29.0,1009.1,,,74,4.6,100,,,,,,,,,,,,,20,801,Clouds,few clouds,02n,2007-04-25 18:00:00,2007,4
1177502400,28800,Denpasar,-8.652497,115.219117,28.4,28.4,28.4,1008.6,,,78,4.6,100,,,0.0,,,,,,,,,,20,801,Clouds,few clouds,02n,2007-04-25 19:00:00,2007,4
1177506000,28800,Denpasar,-8.652497,115.219117,28.0,28.0,28.0,1010.2,,,78,5.1,110,,,,,,,,,,,,,20,801,Clouds,few clouds,02n,2007-04-25 20:00:00,2007,4
1177509600,28800,Denpasar,-8.652497,115.219117,28.0,28.0,28.0,1010.2,,,78,4.6,100,,,,,,,,,,,,,20,801,Clouds,few clouds,02n,2007-04-25 21:00:00,2007,4
1177513200,28800,Denpasar,-8.652497,115.219117,27.8,27.8,27.8,1010.2,,,81,3.6,100,,,0.0,,,,,,,,,,20,801,Clouds,few clouds,02n,2007-04-25 22:00:00,2007,4
1177516800,28800,Denpasar,-8.652497,115.219117,28.0,28.0,28.0,1010.2,,,78,3.6,110,,,,,,,,,,,,,20,801,Clouds,few clouds,02n,2007-04-25 23:00:00,2007,4
1177520400,28800,Denpasar,-8.652497,115.219117,28.0,28.0,28.0,1009.1,,,78,2.6,110,,,,,,,,,,,,,20,801,Clouds,few clouds,02n,2007-04-26 00:00:00,2007,4
1177524000,28800,Denpasar,-8.652497,115.219117,27.0,27.0,27.0,1009.1,,,87,1.5,60,,,0.0,,,,,,,,,,20,801,Clouds,few clouds,02n,2007-04-26 01:00:00,2007,4
1177527600,28800,Denpasar,-8.652497,115.219117,27.0,27.0,27.0,1009.1,,,87,1.5,60,,,0.0,,,,,,,,,,20,801,Clouds,few clouds,02n,2007-04-26 02:00:00,2007,4
1177531200,28800,Denpasar,-8.652497,115.219117,25.6,25.6,25.6,1008.1,,,90,1.5,40,,,0.0,,,,,,,,,,75,803,Clouds,broken clouds,04n,2007-04-26 03:00:00,2007,4
1177534800,28800,Denpasar,-8.652497,115.219117,26.29,26.29,26.29,1009.0,,,89,5.2,100,0.22,,,,,,,,,,,,54,500,Rain,light rain,10n,2007-04-26 04:00:00,2007,4
1177538400,28800,Denpasar,-8.652497,115.219117,25.0,25.0,25.0,1009.1,,,88,1.0,40,,,,,,,,,,,,,40,802,Clouds,scattered clouds,03n,2007-04-26 05:00:00,2007,4
1177542000,28800,Denpasar,-8.652497,115.219117,27.0,27.0,27.0,1010.2,,,88,3.6,110,,,,,,,,,,,,,40,802,Clouds,scattered clouds,03d,2007-04-26 06:00:00,2007,4
1177545600,28800,Denpasar,-8.652497,115.219117,28.0,28.0,28.0,1010.2,,,78,3.1,40,,,0.0,,,,,,,,,,75,803,Clouds,broken clouds,04d,2007-04-26 07:00:00,2007,4
1177549200,28800,Denpasar,-8.652497,115.219117,29.0,29.0,29.0,1010.2,,,83,3.6,60,,,,,,,,,,,,,40,802,Clouds,scattered clouds,03d,2007-04-26 08:00:00,2007,4
1177552800,28800,Denpasar,-8.652497,115.219117,30.0,30.0,30.0,1010.8,,,84,4.1,90,,,,,,,,,,,,,40,802,Clouds,scattered clouds,03d,2007-04-26 09:00:00,2007,4
1177556400,28800,Denpasar,-8.652497,115.219117,29.6,29.6,29.6,1010.2,,,78,4.6,80,,,0.0,,,,,,,,,,40,802,Clouds,scattered clouds,03d,2007-04-26 10:00:00,2007,4
1177560000,28800,Denpasar,-8.652497,115.219117,30.0,30.0,30.0,1009.1,,,74,5.1,100,,,,,,,,,,,,,40,802,Clouds,scattered clouds,03d,2007-04-26 11:00:00,2007,4
1177563600,28800,Denpasar,-8.652497,115.219117,31.0,31.0,31.0,1008.1,,,70,4.1,120,,,,,,,,,,,,,40,802,Clouds,scattered clouds,03d,2007-04-26 12:00:00,2007,4
1177567200,28800,Denpasar,-8.652497,115.219117,30.5,30.5,30.5,1008.1,,,72,4.1,110,,,0.0,,,,,,,,,,20,801,Clouds,few clouds,02d,2007-04-26 13:00:00,2007,4
1177570800,28800,Denpasar,-8.652497,115.219117,31.0,31.0,31.0,1007.1,,,74,5.1,110,,,,,,,,,,,,,20,801,Clouds,few clouds,02d,2007-04-26 14:00:00,2007,4
1177574400,28800,Denpasar,-8.652497,115.219117,30.0,30.0,30.0,1007.1,,,79,5.1,120,,,,,,,,,,,,,20,801,Clouds,few clouds,02d,2007-04-26 15:00:00,2007,4
1177578000,28800,Denpasar,-8.652497,115.219117,29.2,29.2,29.2,1007.1,,,75,5.1,120,,,0.0,,,,,,,,,,20,801,Clouds,few clouds,02d,2007-04-26 16:00:00,2007,4
1177581600,28800,Denpasar,-8.652497,115.219117,29.0,29.0,29.0,1007.1,,,83,4.1,120,,,,,,,,,,,,,20,801,Clouds,few clouds,02d,2007-04-26 17:00:00,2007,4
1177585200,28800,Denpasar,-8.652497,115.219117,28.0,28.0,28.0,1008.1,,,83,3.6,120,,,,,,,,,,,,,20,801,Clouds,few clouds,02n,2007-04-26 18:00:00,2007,4
1177588800,28800,Denpasar,-8.652497,115.219117,28.2,28.2,28.2,1009.1,,,78,3.6,120,,,0.0,,,,,,,,,,40,802,Clouds,scattered clouds,03n,2007-04-26 19:00:00,2007,4
1177592400,28800,Denpasar,-8.652497,115.219117,28.0,28.0,28.0,1009.1,,,78,3.6,110,,,,,,,,,,,,,40,802,Clouds,scattered clouds,03n,2007-04-26 20:00:00,2007,4
1177596000,28800,Denpasar,-8.652497,115.219117,28.0,28.0,28.0,1009.1,,,83,3.1,100,,,,,,,,,,,,,40,802,Clouds,scattered clouds,03n,2007-04-26 21:00:00,2007,4
1177599600,28800,Denpasar,-8.652497,115.219117,27.8,27.8,27.8,1010.2,,,78,3.6,110,,,0.0,,,,,,,,,,20,801,Clouds,few clouds,02n,2007-04-26 22:00:00,2007,4
1177603200,28800,Denpasar,-8.652497,115.219117,28.0,28.0,28.0,1009.1,,,83,2.6,110,,,,,,,,,,,,,20,801,Clouds,few clouds,02n,2007-04-26 23:00:00,2007,4
1177606800,28800,Denpasar,-8.652497,115.219117,27.0,27.0,27.0,1009.1,,,88,2.6,110,,,,,,,,,,,,,75,803,Clouds,broken clouds,04n,2007-04-27 00:00:00,2007,4
1177610400,28800,Denpasar,-8.652497,115.219117,26.4,26.4,26.4,1008.1,,,86,2.1,30,,,0.0,,,,,,,,,,40,802,Clouds,scattered clouds,03n,2007-04-27 01:00:00,2007,4
1177614000,28800,Denpasar,-8.652497,115.219117,26.4,26.4,26.4,1008.1,,,86,2.1,30,,,0.0,,,,,,,,,,40,802,Clouds,scattered clouds,03n,2007-04-27 02:00:00,2007,4
1177617600,28800,Denpasar,-8.652497,115.219117,25.0,25.0,25.0,1007.2,,,90,6.0,110,,,0.0,,,,,,,,,,40,802,Clouds,scattered clouds,03n,2007-04-27 03:00:00,2007,4
1177621200,28800,Denpasar,-8.652497,115.219117,26.79,26.79,26.79,1008.0,,,83,5.95,111,0.14,,,,,,,,,,,,30,500,Rain,light rain,10n,2007-04-27 04:00:00,2007,4
1177624800,28800,Denpasar,-8.652497,115.219117,25.0,25.0,25.0,1008.1,,,94,5.83,108,,,,,,,,,,,,,20,801,Clouds,few clouds,02n,2007-04-27 05:00:00,2007,4
1177628400,28800,Denpasar,-8.652497,115.219117,25.0,25.0,25.0,1008.1,,,88,1.5,50,,,,,,,,,,,,,20,801,Clouds,few clouds,02d,2007-04-27 06:00:00,2007,4
1177632000,28800,Denpasar,-8.652497,115.219117,27.0,27.0,27.0,1009.1,,,76,1.5,40,,,0.0,,,,,,,,,,20,801,Clouds,few clouds,02d,2007-04-27 07:00:00,2007,4
1177635600,28800,Denpasar,-8.652497,115.219117,30.0,30.0,30.0,1009.1,,,74,3.1,70,,,,,,,,,,,,,40,802,Clouds,scattered clouds,03d,2007-04-27 08:00:00,2007,4
1177639200,28800,Denpasar,-8.652497,115.219117,31.0,31.0,31.0,1009.1,,,74,3.1,90,,,,,,,,,,,,,40,802,Clouds,scattered clouds,03d,2007-04-27 09:00:00,2007,4
1177642800,28800,Denpasar,-8.652497,115.219117,29.8,29.8,29.8,1009.1,,,76,3.6,90,,,0.0,,,,,,,,,,40,802,Clouds,scattered clouds,03d,2007-04-27 10:00:00,2007,4
1177646400,28800,Denpasar,-8.652497,115.219117,30.0,30.0,30.0,1008.1,,,74,4.1,110,,,,,,,,,,,,,40,802,Clouds,scattered clouds,03d,2007-04-27 11:00:00,2007,4
1177650000,28800,Denpasar,-8.652497,115.219117,30.0,30.0,30.0,1007.1,,,74,4.1,100,,,,,,,,,,,,,40,802,Clouds,scattered clouds,03d,2007-04-27 12:00:00,2007,4
1177653600,28800,Denpasar,-8.652497,115.219117,30.0,30.0,30.0,1007.1,,,66,4.1,110,,,,,,,,,,,,,40,802,Clouds,scattered clouds,03d,2007-04-27 13:00:00,2007,4
1177657200,28800,Denpasar,-8.652497,115.219117,31.0,31.0,31.0,1006.1,,,70,4.1,130,,,,,,,,,,,,,40,802,Clouds,scattered clouds,03d,2007-04-27 14:00:00,2007,4
1177660800,28800,Denpasar,-8.652497,115.219117,31.0,31.0,31.0,1006.1,,,70,4.1,120,,,,,,,,,,,,,40,802,Clouds,scattered clouds,03d,2007-04-27 15:00:00,2007,4
1177664400,28800,Denpasar,-8.652497,115.219117,29.4,29.4,29.4,1005.1,,,72,3.6,120,,,0.0,,,,,,,,,,20,801,Clouds,few clouds,02d,2007-04-27 16:00:00,2007,4
1177668000,28800,Denpasar,-8.652497,115.219117,28.0,28.0,28.0,1006.1,,,78,3.1,120,,,,,,,,,,,,,20,801,Clouds,few clouds,02d,2007-04-27 17:00:00,2007,4
1177671600,28800,Denpasar,-8.652497,115.219117,28.0,28.0,28.0,1006.1,,,83,3.1,110,,,,,,,,,,,,,20,801,Clouds,few clouds,02n,2007-04-27 18:00:00,2007,4
1177675200,28800,Denpasar,-8.652497,115.219117,27.8,27.8,27.8,1007.1,,,78,3.1,110,,,0.0,,,,,,,,,,20,801,Clouds,few clouds,02n,2007-04-27 19:00:00,2007,4
1177678800,28800,Denpasar,-8.652497,115.219117,28.0,28.0,28.0,1008.1,,,83,2.6,110,,,,,,,,,,,,,40,802,Clouds,scattered clouds,03n,2007-04-27 20:00:00,2007,4
1177682400,28800,Denpasar,-8.652497,115.219117,28.0,28.0,28.0,1009.1,,,78,2.6,110,,,,,,,,,,,,,40,802,Clouds,scattered clouds,03n,2007-04-27 21:00:00,2007,4
1177686000,28800,Denpasar,-8.652497,115.219117,28.0,28.0,28.0,1009.1,,,78,2.6,110,,,0.0,,,,,,,,,,40,802,Clouds,scattered clouds,03n,2007-04-27 22:00:00,2007,4
1177689600,28800,Denpasar,-8.652497,115.219117,28.0,28.0,28.0,1009.1,,,83,2.6,100,,,,,,,,,,,,,40,802,Clouds,scattered clouds,03n,2007-04-27 23:00:00,2007,4
1177693200,28800,Denpasar,-8.652497,115.219117,28.0,28.0,28.0,1009.1,,,83,2.6,110,,,,,,,,,,,,,40,802,Clouds,scattered clouds,03n,2007-04-28 00:00:00,2007,4
1177696800,28800,Denpasar,-8.652497,115.219117,27.0,27.0,27.0,1008.1,,,82,2.1,30,,,0.0,,,,,,,,,,40,802,Clouds,scattered clouds,03n,2007-04-28 01:00:00,2007,4
1177700400,28800,Denpasar,-8.652497,115.219117,27.0,27.0,27.0,1008.1,,,82,2.1,30,,,0.0,,,,,,,,,,40,802,Clouds,scattered clouds,03n,2007-04-28 02:00:00,2007,4
1177704000,28800,Denpasar,-8.652497,115.219117,25.6,25.6,25.6,1008.1,,,85,1.5,40,,,0.0,,,,,,,,,,40,802,Clouds,scattered clouds,03n,2007-04-28 03:00:00,2007,4
1177707600,28800,Denpasar,-8.652497,115.219117,26.62,26.62,26.62,1009.0,,,82,5.27,106,,,,,,,,,,,,,31,802,Clouds,scattered clouds,03n,2007-04-28 04:00:00,2007,4
1177711200,28800,Denpasar,-8.652497,115.219117,26.0,26.0,26.0,1008.1,,,94,2.6,120,,,,,,,,,,,,,20,801,Clouds,few clouds,02n,2007-04-28 05:00:00,2007,4
1177714800,28800,Denpasar,-8.652497,115.219117,27.0,27.0,27.0,1009.1,,,83,2.6,120,,,,,,,,,,,,,20,801,Clouds,few clouds,02d,2007-04-28 06:00:00,2007,4
1177718400,28800,Denpasar,-8.652497,115.219117,28.0,28.0,28.0,1009.0,,,74,3.1,110,,,0.0,,,,,,,,,,20,801,Clouds,few clouds,02d,2007-04-28 07:00:00,2007,4
1177722000,28800,Denpasar,-8.652497,115.219117,30.0,30.0,30.0,1010.2,,,74,3.6,90,,,,,,,,,,,,,40,802,Clouds,scattered clouds,03d,2007-04-28 08:00:00,2007,4
1177725600,28800,Denpasar,-8.652497,115.219117,30.0,30.0,30.0,1010.2,,,74,3.1,100,,,,,,,,,,,,,40,802,Clouds,scattered clouds,03d,2007-04-28 09:00:00,2007,4
1177729200,28800,Denpasar,-8.652497,115.219117,30.2,30.2,30.2,1010.2,,,68,3.6,100,,,0.0,,,,,,,,,,40,802,Clouds,scattered clouds,03d,2007-04-28 10:00:00,2007,4
1177732800,28800,Denpasar,-8.652497,115.219117,31.0,31.0,31.0,1009.1,,,66,4.1,120,,,,,,,,,,,,,40,802,Clouds,scattered clouds,03d,2007-04-28 11:00:00,2007,4
1177736400,28800,Denpasar,-8.652497,115.219117,31.0,31.0,31.0,1008.1,,,70,4.1,110,,,,,,,,,,,,,40,802,Clouds,scattered clouds,03d,2007-04-28 12:00:00,2007,4
1177740000,28800,Denpasar,-8.652497,115.219117,30.2,30.2,30.2,1007.1,,,67,4.1,120,,,0.0,,,,,,,,,,40,802,Clouds,scattered clouds,03d,2007-04-28 13:00:00,2007,4
1177743600,28800,Denpasar,-8.652497,115.219117,31.0,31.0,31.0,1007.1,,,70,3.6,120,,,,,,,,,,,,,20,801,Clouds,few clouds,02d,2007-04-28 14:00:00,2007,4
1177747200,28800,Denpasar,-8.652497,115.219117,30.0,30.0,30.0,1007.1,,,74,4.1,120,,,,,,,,,,,,,20,801,Clouds,few clouds,02d,2007-04-28 15:00:00,2007,4
1177750800,28800,Denpasar,-8.652497,115.219117,29.6,29.6,29.6,1006.3,,,72,4.1,120,,,0.0,,,,,,,,,,20,801,Clouds,few clouds,02d,2007-04-28 16:00:00,2007,4
1177754400,28800,Denpasar,-8.652497,115.219117,29.6,29.6,29.6,1006.3,,,72,4.1,120,,,0.0,,,,,,,,,,20,801,Clouds,few clouds,02d,2007-04-28 17:00:00,2007,4
1177758000,28800,Denpasar,-8.652497,115.219117,28.0,28.0,28.0,1009.1,,,78,3.1,130,,,0.0,,,,,,,,,,40,802,Clouds,scattered clouds,03n,2007-04-28 18:00:00,2007,4
1177761600,28800,Denpasar,-8.652497,115.219117,27.21,27.21,27.21,1009.0,,,84,5.25,129,,,,,,,,,,,,,11,801,Clouds,few clouds,02n,2007-04-28 19:00:00,2007,4
1177765200,28800,Denpasar,-8.652497,115.219117,28.0,28.0,28.0,1009.1,,,78,3.6,120,,,,,,,,,,,,,40,802,Clouds,scattered clouds,03n,2007-04-28 20:00:00,2007,4
1177768800,28800,Denpasar,-8.652497,115.219117,28.0,28.0,28.0,1010.2,,,78,3.6,120,,,,,,,,,,,,,40,802,Clouds,scattered clouds,03n,2007-04-28 21:00:00,2007,4
1177772400,28800,Denpasar,-8.652497,115.219117,28.2,28.2,28.2,1010.2,,,77,4.1,110,,,0.0,,,,,,,,,,40,802,Clouds,scattered clouds,03n,2007-04-28 22:00:00,2007,4
1177776000,28800,Denpasar,-8.652497,115.219117,28.0,28.0,28.0,1010.2,,,78,4.1,120,,,,,,,,,,,,,20,801,Clouds,few clouds,02n,2007-04-28 23:00:00,2007,4
1177779600,28800,Denpasar,-8.652497,115.219117,28.0,28.0,28.0,1010.2,,,78,3.6,110,,,,,,,,,,,,,20,801,Clouds,few clouds,02n,2007-04-29 00:00:00,2007,4
1177783200,28800,Denpasar,-8.652497,115.219117,28.0,28.0,28.0,1010.2,,,78,3.1,110,,,,,,,,,,,,,20,801,Clouds,few clouds,02n,2007-04-29 01:00:00,2007,4
1177786800,28800,Denpasar,-8.652497,115.219117,28.0,28.0,28.0,1010.2,,,78,3.1,110,,,,,,,,,,,,,20,801,Clouds,few clouds,02n,2007-04-29 02:00:00,2007,4
1177790400,28800,Denpasar,-8.652497,115.219117,28.0,28.0,28.0,1009.1,,,78,3.1,90,,,,,,,,,,,,,40,802,Clouds,scattered clouds,03n,2007-04-29 03:00:00,2007,4
1177794000,28800,Denpasar,-8.652497,115.219117,26.93,26.93,26.93,1009.0,,,82,6.13,110,,,,,,,,,,,,,37,802,Clouds,scattered clouds,03n,2007-04-29 04:00:00,2007,4
1177797600,28800,Denpasar,-8.652497,115.219117,27.0,27.0,27.0,1009.1,,,83,3.1,110,,,,,,,,,,,,,40,802,Clouds,scattered clouds,03n,2007-04-29 05:00:00,2007,4
1177801200,28800,Denpasar,-8.652497,115.219117,27.0,27.0,27.0,1010.2,,,83,4.1,80,,,,,,,,,,,,,40,802,Clouds,scattered clouds,03d,2007-04-29 06:00:00,2007,4
1177804800,28800,Denpasar,-8.652497,115.219117,28.3,28.3,28.3,1010.2,,,78,3.6,90,,,0.0,,,,,,,,,,20,801,Clouds,few clouds,02d,2007-04-29 07:00:00,2007,4
1177808400,28800,Denpasar,-8.652497,115.219117,30.0,30.0,30.0,1010.2,,,79,4.1,100,,,,,,,,,,,,,40,802,Clouds,scattered clouds,03d,2007-04-29 08:00:00,2007,4
1177812000,28800,Denpasar,-8.652497,115.219117,31.0,31.0,31.0,1010.8,,,70,5.1,100,,,,,,,,,,,,,40,802,Clouds,scattered clouds,03d,2007-04-29 09:00:00,2007,4
1177815600,28800,Denpasar,-8.652497,115.219117,29.8,29.8,29.8,1010.2,,,72,4.6,100,,,0.0,,,,,,,,,,20,801,Clouds,few clouds,02d,2007-04-29 10:00:00,2007,4
1177819200,28800,Denpasar,-8.652497,115.219117,31.0,31.0,31.0,1009.1,,,74,4.6,110,,,,,,,,,,,,,20,801,Clouds,few clouds,02d,2007-04-29 11:00:00,2007,4
1177822800,28800,Denpasar,-8.652497,115.219117,31.0,31.0,31.0,1008.1,,,74,4.6,110,,,,,,,,,,,,,20,801,Clouds,few clouds,02d,2007-04-29 12:00:00,2007,4
1177826400,28800,Denpasar,-8.652497,115.219117,30.0,30.0,30.0,1008.1,,,71,4.6,120,,,0.0,,,,,,,,,,20,801,Clouds,few clouds,02d,2007-04-29 13:00:00,2007,4
1177830000,28800,Denpasar,-8.652497,115.219117,31.0,31.0,31.0,1007.1,,,66,5.1,130,,,,,,,,,,,,,20,801,Clouds,few clouds,02d,2007-04-29 14:00:00,2007,4
1177833600,28800,Denpasar,-8.652497,115.219117,31.0,31.0,31.0,1007.1,,,70,4.1,120,,,,,,,,,,,,,20,801,Clouds,few clouds,02d,2007-04-29 15:00:00,2007,4
1177837200,28800,Denpasar,-8.652497,115.219117,29.4,29.4,29.4,1008.1,,,74,4.1,130,,,0.0,,,,,,,,,,20,801,Clouds,few clouds,02d,2007-04-29 16:00:00,2007,4
1177840800,28800,Denpasar,-8.652497,115.219117,29.4,29.4,29.4,1008.1,,,74,4.1,130,,,0.0,,,,,,,,,,20,801,Clouds,few clouds,02d,2007-04-29 17:00:00,2007,4
1177844400,28800,Denpasar,-8.652497,115.219117,28.2,28.2,28.2,1010.2,,,78,3.6,110,,,0.0,,,,,,,,,,40,802,Clouds,scattered clouds,03n,2007-04-29 18:00:00,2007,4
1177848000,28800,Denpasar,-8.652497,115.219117,27.46,27.46,27.46,1010.0,,,82,6.16,126,,,,,,,,,,,,,55,803,Clouds,broken clouds,04n,2007-04-29 19:00:00,2007,4
1177851600,28800,Denpasar,-8.652497,115.219117,28.0,28.0,28.0,1010.8,,,88,3.6,110,,,,,,,,,,,,,40,802,Clouds,scattered clouds,03n,2007-04-29 20:00:00,2007,4
1177855200,28800,Denpasar,-8.652497,115.219117,28.0,28.0,28.0,1010.8,,,88,3.1,110,,,,,,,,,,,,,40,802,Clouds,scattered clouds,03n,2007-04-29 21:00:00,2007,4
1177858800,28800,Denpasar,-8.652497,115.219117,28.0,28.0,28.0,1010.8,,,78,3.6,110,,,0.0,,,,,,,,,,40,802,Clouds,scattered clouds,03n,2007-04-29 22:00:00,2007,4
1177862400,28800,Denpasar,-8.652497,115.219117,28.0,28.0,28.0,1010.8,,,78,3.6,110,,,0.0,,,,,,,,,,40,802,Clouds,scattered clouds,03n,2007-04-29 23:00:00,2007,4
1177866000,28800,Denpasar,-8.652497,115.219117,27.6,27.6,27.6,1008.8,,,83,3.1,110,,,0.0,,,,,,,,,,20,801,Clouds,few clouds,02n,2007-04-30 00:00:00,2007,4
1177869600,28800,Denpasar,-8.652497,115.219117,27.6,27.6,27.6,1008.8,,,83,3.1,110,,,0.0,,,,,,,,,,20,801,Clouds,few clouds,02n,2007-04-30 01:00:00,2007,4
1177873200,28800,Denpasar,-8.652497,115.219117,27.6,27.6,27.6,1008.8,,,83,3.1,110,,,0.0,,,,,,,,,,20,801,Clouds,few clouds,02n,2007-04-30 02:00:00,2007,4
1177876800,28800,Denpasar,-8.652497,115.219117,27.4,27.4,27.4,1009.1,,,83,2.6,110,,,0.0,,,,,,,,,,20,801,Clouds,few clouds,02n,2007-04-30 03:00:00,2007,4
1177880400,28800,Denpasar,-8.652497,115.219117,26.57,26.57,26.57,1009.0,,,86,5.01,107,0.4,,,,,,,,,,,,75,500,Rain,light rain,10n,2007-04-30 04:00:00,2007,4
1177884000,28800,Denpasar,-8.652497,115.219117,27.0,27.0,27.0,1009.1,,,94,2.6,120,,,,,,,,,,,,,40,802,Clouds,scattered clouds,03n,2007-04-30 05:00:00,2007,4
1177887600,28800,Denpasar,-8.652497,115.219117,28.0,28.0,28.0,1009.1,,,88,2.6,110,,,,,,,,,,,,,40,802,Clouds,scattered clouds,03d,2007-04-30 06:00:00,2007,4
1177891200,28800,Denpasar,-8.652497,115.219117,28.0,28.0,28.0,1010.2,,,83,3.6,100,,,0.0,,,,,,,,,,40,802,Clouds,scattered clouds,03d,2007-04-30 07:00:00,2007,4
1177894800,28800,Denpasar,-8.652497,115.219117,28.0,28.0,28.0,1010.2,,,83,4.1,100,,,,,,,,,,,,,40,802,Clouds,scattered clouds,03d,2007-04-30 08:00:00,2007,4
1177898400,28800,Denpasar,-8.652497,115.219117,30.0,30.0,30.0,1010.8,,,74,4.6,100,,,,,,,,,,,,,40,802,Clouds,scattered clouds,03d,2007-04-30 09:00:00,2007,4
1177902000,28800,Denpasar,-8.652497,115.219117,29.9,29.9,29.9,1010.2,,,76,4.6,100,,,0.0,,,,,,,,,,40,802,Clouds,scattered clouds,03d,2007-04-30 10:00:00,2007,4
1177905600,28800,Denpasar,-8.652497,115.219117,30.0,30.0,30.0,1010.2,,,74,4.6,110,,,,,,,,,,,,,40,802,Clouds,scattered clouds,03d,2007-04-30 11:00:00,2007,4
1177909200,28800,Denpasar,-8.652497,115.219117,31.0,31.0,31.0,1009.1,,,79,5.7,110,,,,,,,,,,,,,40,802,Clouds,scattered clouds,03d,2007-04-30 12:00:00,2007,4
1177912800,28800,Denpasar,-8.652497,115.219117,30.1,30.1,30.1,1008.1,,,74,6.2,110,,,0.0,,,,,,,,,,20,801,Clouds,few clouds,02d,2007-04-30 13:00:00,2007,4
1177916400,28800,Denpasar,-8.652497,115.219117,31.0,31.0,31.0,1007.1,,,74,5.1,110,,,,,,,,,,,,,40,802,Clouds,scattered clouds,03d,2007-04-30 14:00:00,2007,4
1177920000,28800,Denpasar,-8.652497,115.219117,30.0,30.0,30.0,1007.1,,,79,4.6,120,,,,,,,,,,,,,40,802,Clouds,scattered clouds,03d,2007-04-30 15:00:00,2007,4
1177923600,28800,Denpasar,-8.652497,115.219117,28.8,28.8,28.8,1008.1,,,77,3.6,120,,,0.0,,,,,,,,,,20,801,Clouds,few clouds,02d,2007-04-30 16:00:00,2007,4
1177927200,28800,Denpasar,-8.652497,115.219117,29.0,29.0,29.0,1008.1,,,79,4.6,110,,,,,,,,,,,,,40,802,Clouds,scattered clouds,03d,2007-04-30 17:00:00,2007,4
1177930800,28800,Denpasar,-8.652497,115.219117,28.0,28.0,28.0,1008.1,,,83,4.1,110,,,,,,,,,,,,,40,802,Clouds,scattered clouds,03n,2007-04-30 18:00:00,2007,4
1177934400,28800,Denpasar,-8.652497,115.219117,28.2,28.2,28.2,1009.1,,,84,3.6,120,,,0.0,,,,,,,,,,40,802,Clouds,scattered clouds,03n,2007-04-30 19:00:00,2007,4
1177938000,28800,Denpasar,-8.652497,115.219117,28.0,28.0,28.0,1010.2,,,88,3.6,120,,,,,,,,,,,,,40,802,Clouds,scattered clouds,03n,2007-04-30 20:00:00,2007,4
1177941600,28800,Denpasar,-8.652497,115.219117,28.0,28.0,28.0,1010.2,,,88,3.6,120,,,,,,,,,,,,,40,802,Clouds,scattered clouds,03n,2007-04-30 21:00:00,2007,4
1177945200,28800,Denpasar,-8.652497,115.219117,28.0,28.0,28.0,1010.8,,,84,3.1,120,,,0.0,,,,,,,,,,40,802,Clouds,scattered clouds,03n,2007-04-30 22:00:00,2007,4
1177948800,28800,Denpasar,-8.652497,115.219117,26.47,26.47,26.47,1010.0,,,89,4.57,109,1.22,,,,,,,,,,,,92,501,Rain,moderate rain,10n,2007-04-30 23:00:00,2007,4
